0.133212
0.106504
0.0114682
0.0625153
0.162915
0.148122
0.0465876
0.186801
0.159342
0.194453
0.000644827
0.17605
0.145552
0.0116257
0.132395
0.00016164
0.161196
0.0721107
0.155246
0.195784
0.0187216
0.049413
0.0584921
0.120427
0.110952
0.10114
0.0232049
0.157414
0.0664999
0.176916
0.107791
0.04528
0.0212002
0.0156785
0.0786548
0.177983
0.122358
0.0381945
0.173321
0.197593
0.17004
0.178806
0.134124
0.179952
0.0200221
0.179353
0.187765
0.162114
0.0947647
0.0726913
0.125624
0.0325988
0.0315818
0.144025
0.171053
0.16408
0.198449
0.0752573
0.110622
0.117097
0.108401
0.0951891
0.123063
0.0342483
