0.0734612
0.0200185
0.18362
0.120474
0.0927953
0.117453
0.0513147
0.0124374
0.100561
0.167444
0.147264
0.0619366
0.126001
0.0997398
0.0853398
0.12324
0.147692
0.0297268
0.103164
0.0173479
0.00752482
0.16635
0.174933
0.0218041
0.00539763
0.193889
0.0347417
0.196617
0.105594
0.137444
0.192431
0.102588
0.00310604
0.150892
0.00330331
0.101176
0.173851
0.0926371
0.137314
0.0145991
0.0158774
0.177359
0.0302565
0.13107
0.0236152
0.146864
0.150379
0.180393
0.147101
0.120183
0.092966
0.160948
0.0326183
0.071032
0.118979
0.0185971
0.0100575
0.0554062
0.000151548
0.148867
0.0159744
0.175575
0.17621
0.124569
0.162269
0.138466
0.151428
0.151654
0.086475
0.105142
0.196381
0.184407
0.146113
0.102526
0.118235
0.0655408
0.190579
0.0180262
0.137378
0.0550547
0.00694793
0.100247
0.145769
0.072574
0.162172
0.117491
0.0520736
0.118877
0.0654937
0.00851962
0.121607
0.0523734
0.16504
0.114914
0.0148072
0.158314
0.175676
0.000877568
0.141098
0.0441383
0.0412319
0.0622708
0.0105713
0.100392
0.199207
0.0569787
0.0962089
0.0364426
0.117908
0.0584531
0.122966
0.0135825
0.126369
0.0944917
0.159293
0.132668
0.102562
0.172546
0.154568
0.147618
0.0668941
0.142338
0.0567994
0.151467
0.164917
0.147885
0.106669
0.033669
0.19495
0.166098
0.162951
0.0425168
0.133666
0.0546485
0.0415827
0.124072
0.170148
0.115307
0.0671875
0.0966645
0.0627519
0.141665
0.0121743
0.0197757
0.189268
0.0783021
0.00645725
0.13076
0.0728135
0.0918439
0.110734
0.115456
0.0627917
0.121811
0.121893
0.05417
0.0795118
0.0721365
0.0906088
0.134494
0.119883
0.0317061
0.0230957
0.17871
0.129544
0.100978
0.192457
0.136981
0.155834
0.0841399
0.162345
0.0273983
0.0755495
0.0661724
0.039717
0.0270506
0.112748
0.133531
0.150487
0.0612278
0.119845
0.0162668
0.18624
0.0807569
0.148308
0.0833379
0.159219
0.130412
0.158392
0.199697
0.00843082
0.0771974
0.178523
0.0750556
0.117198
0.0302897
0.0573763
0.199536
0.13229
0.104729
0.134812
0.0926078
0.024813
0.0237311
0.032482
0.118913
0.110398
0.0247171
0.0705246
0.153208
0.133909
0.0692826
0.099789
0.00266411
0.0408987
0.0323467
0.143028
0.0633162
0.0829408
0.183405
0.0630888
0.186285
0.156417
0.18524
0.0222235
0.192245
0.0510117
0.0669707
0.132745
0.182316
0.154612
0.0768234
0.13075
0.118939
0.129114
0.0971432
0.0163963
0.130159
0.108102
0.0365411
0.11069
0.0317117
0.174607
0.132125
0.177038
0.145785
0.0182921
0.156108
0.157854
0.171916
0.0494481
0.00903213
0.114408
0.146142
0.0648489
0.172615
0.159436
0.084903
0.126483
0.0963453
0.0117205
0.0919244
0.176115
0.0674073
0.112792
0.11199
0.0794366
0.197462
0.154532
0.0205114
0.0447814
0.0451992
0.15148
0.0610659
0.0472017
0.132195
0.0119531
0.0966011
0.121223
0.0704019
0.0161995
0.113858
0.194675
0.00700173
0.17452
0.124668
0.173297
0.0630095
0.00643415
0.135659
0.00318593
0.106135
0.173794
0.184756
0.0782741
0.194455
0.123165
0.0306178
0.0219844
0.0685068
0.103975
0.00928111
0.00282912
0.0434738
0.132528
0.0589575
0.0572981
0.19333
0.087697
0.0642234
0.109179
0.156054
0.0533159
0.00795421
0.0119108
0.0626028
0.120361
0.0793234
0.0254743
0.0538847
0.156724
0.095603
0.0194551
0.084971
0.173663
0.196606
0.199181
0.115371
0.144003
0.0798725
0.154402
0.176829
0.0931882
0.176522
0.0793036
0.077872
0.187731
0.102525
0.184945
0.0487882
0.0899116
0.0510974
0.151189
0.0886595
0.0229169
0.0362166
0.163693
0.0550803
0.0322043
0.115814
0.168251
0.0664938
0.0978811
0.0198321
0.18665
0.18727
0.0584295
0.132898
0.0278347
0.0704986
0.0022872
0.034481
0.100869
0.00473703
0.054416
0.104733
0.0142458
0.136691
0.000984753
0.0889563
0.0698047
0.180915
0.0545655
0.0298527
0.16511
0.181079
0.153288
0.139433
0.0757475
0.0477999
0.0564766
0.0668489
0.191524
0.0826341
0.179041
0.155195
0.135784
0.0051365
0.127539
0.12393
0.0526261
0.120681
0.118641
0.0145298
0.027618
0.0137231
0.0701654
0.0489726
0.180059
0.158852
0.138296
0.153168
0.0327629
0.137879
0.0797668
0.0302669
0.0321054
0.1475
0.165682
0.106032
0.032384
0.0660229
0.00769888
0.174784
0.0909974
0.0846692
0.174321
0.0222914
0.120929
0.137519
0.186994
0.185138
0.0648655
0.0347854
0.0455147
0.136726
0.0373508
0.100398
0.135458
0.156821
0.0776209
0.187321
0.136604
0.165254
0.136073
0.115513
0.0166489
0.116982
0.0557647
0.101865
0.177378
0.112464
0.100381
0.0761348
0.104257
0.0466901
0.0134505
0.0759966
0.0384859
0.051543
0.0406701
0.188395
0.0662739
0.00310181
0.0956547
0.0448117
0.0794628
0.0194518
0.116665
0.00732127
0.189483
0.050479
0.163916
0.0785047
0.019393
0.0487252
0.0886966
0.176244
0.0827054
0.0206132
0.0775398
0.031761
0.182932
0.0880461
0.18673
0.0506565
0.158023
0.0608886
0.148515
0.0952361
0.121776
0.180912
0.107867
0.0500943
0.103028
0.108357
0.120272
0.157219
0.107528
0.052615
0.129407
0.111252
0.0317551
0.00734731
0.186184
0.135948
0.0614173
0.169401
0.0872723
0.0845423
0.0704202
0.0193519
0.076446
0.0758978
0.148064
0.0404669
0.0271549
0.0490522
0.0310547
0.101923
0.0355416
0.127367
0.193009
0.0516148
0.194009
0.0707209
0.0855697
0.150425
0.118568
0.0514464
0.0773006
0.119627
0.0975911
0.0183482
0.055381
0.143748
0.0560628
0.110771
0.0313011
0.153431
0.0234137
0.18002
0.0134173
0.14987
0.0645961
0.0816892
0.0451599
0.167339
0.147542
0.1166
0.0258663
0.00391343
0.00952223
0.106634
0.0289764
0.0758366
0.147172
0.0340186
0.100095
0.137678
0.0449637
0.076579
0.0771875
0.121259
0.0070631
0.00183816
0.0565408
0.15968
0.0374964
0.0908056
0.0631288
0.0810826
0.175741
0.022574
0.00446218
0.0300986
0.00261353
0.0399784
0.154658
0.0489697
0.0136179
0.025324
0.0687897
0.177787
0.0909673
0.159486
0.113271
0.0632014
0.117448
0.0558686
0.142037
0.133999
0.136404
0.0917492
0.0084603
0.183664
0.0511725
0.0120932
0.0925973
0.0426617
0.00889056
0.125936
0.0395308
0.139467
0.000276774
0.170892
0.0357998
0.0438241
0.0867349
0.18685
0.137577
0.187271
0.0239811
0.0368541
0.0649384
0.0497887
0.167317
0.00874892
0.0249424
0.063657
0.186188
0.0105472
0.147137
0.00533813
0.0216915
0.0167182
0.192038
0.144528
0.0613431
0.0404817
0.123708
0.064299
0.165396
0.132749
0.190794
0.0536576
0.0724386
0.0898369
0.0578863
0.018725
0.0482492
0.1146
0.109225
0.164744
0.13693
0.079516
0.154308
0.189146
0.195779
0.184803
0.0201181
0.0695548
0.0387399
0.0963015
0.0534815
0.131964
0.06071
0.0502434
0.054779
0.064045
0.161519
0.146528
0.0478051
0.168182
0.0390119
0.159684
0.0524549
0.0185512
0.184678
0.0203069
0.0357628
0.0570047
0.102831
0.0129294
0.020296
0.032462
0.0569706
0.00520697
0.18124
0.170801
0.124217
0.126112
0.0344115
0.0817281
0.101563
0.0390358
0.0854842
0.0862277
0.0673068
0.0409075
0.0410739
0.125684
0.15299
0.197283
0.0764013
0.129907
0.166722
0.114552
0.136784
0.016154
0.0157913
0.149823
0.0806965
0.0512263
0.108936
0.0421478
0.080168
0.00738754
0.198358
0.0923107
0.0619158
0.114793
0.11887
0.0850076
0.0458263
0.099317
0.177113
0.151295
0.153904
0.117214
0.0456246
0.0273768
0.183781
0.13628
0.180763
0.00677828
0.071104
0.114595
0.158134
0.0902646
0.0312324
0.0742264
0.0938372
0.121592
0.0211698
0.122417
0.10197
0.0218591
0.17036
0.0264038
0.0198396
0.106226
0.109631
0.195069
0.181655
0.128695
0.0585511
0.0471413
0.162429
0.149013
0.112316
0.0607302
0.0415503
0.0278979
0.144263
0.172422
0.123362
0.109571
0.111352
0.182461
0.106161
0.0624116
0.0365254
0.0393709
0.0170908
0.109002
0.162907
0.09107
0.0575761
0.0522604
0.0296387
0.0186528
0.199982
0.068457
0.106157
0.151271
0.116089
0.192033
0.0537631
0.0362239
0.0581405
0.0692691
0.0257994
0.100268
0.0949281
0.0771029
0.119144
0.041402
0.0520583
0.0893069
0.188618
0.17213
0.0805948
0.122047
0.126173
0.1443
0.122257
0.059699
0.0962844
0.199787
0.117333
0.119956
0.127242
0.190029
0.184905
0.0261187
0.109991
0.0937603
0.0669558
0.0239473
0.0951834
0.145812
0.046333
0.0348127
0.0107201
0.191215
0.0487452
0.12694
0.0113872
0.0863822
0.130693
0.0667439
0.15007
0.0381294
0.0328421
0.174542
0.154718
0.0816808
0.189391
0.0443717
0.119363
0.190546
0.102564
0.187214
0.114122
0.002593
0.184194
0.118898
0.0388787
0.114072
0.133446
0.169066
0.0380174
0.116857
0.045271
0.00012739
0.0907816
0.084681
0.0413317
0.167751
0.0389197
0.0552994
0.157827
0.0925002
0.175292
0.115985
0.0616814
0.14509
0.0191828
0.161063
0.0959102
0.0538109
0.133052
0.0180073
0.174464
0.0637237
0.106277
0.0613172
0.131094
0.0614623
0.18642
0.0815667
0.131549
0.189573
0.186294
0.0767621
0.00363943
0.0453064
0.198631
0.0155874
0.0838872
0.191183
0.00151794
0.0596983
0.0580786
0.189416
0.182482
0.120301
0.106025
0.187171
0.0189459
0.18798
0.099792
0.0498734
0.165936
0.0887038
0.0475445
0.10478
0.0963453
0.112184
0.0886321
0.10334
0.0923413
0.184718
0.18334
0.192466
0.0982531
0.0892467
0.0543885
0.11501
0.124238
0.149794
0.0617524
0.147188
0.175782
0.150458
0.0112588
0.195247
0.165077
0.138956
0.136141
0.0341621
0.014512
0.0809023
0.0966675
0.141431
0.0942825
0.143388
0.0963705
0.180494
0.000512671
0.00287601
0.0968144
0.155646
0.00265632
0.055622
0.134412
0.155312
0.113479
0.104655
0.114576
0.138614
0.15025
0.0219913
0.178922
0.166009
0.089681
0.130268
0.111609
0.0750038
0.0597773
0.0694553
0.0983778
0.0285668
0.110084
0.161261
0.155846
0.0536121
0.175895
0.0988629
0.100568
0.182468
0.177795
0.0725398
0.110263
0.0852353
0.170846
0.0459695
0.193904
0.0719854
0.187089
0.176673
0.170474
0.0995125
0.0908475
0.108042
0.0120486
0.109407
0.0958208
0.0171243
0.120223
0.0424847
0.108753
0.0348898
0.131461
0.191812
0.0434273
0.0645102
0.169422
0.159023
0.194046
0.0309139
0.122119
0.194874
0.180671
0.191524
0.0625403
0.0803031
0.0247954
0.175205
0.136692
0.062736
0.00967427
0.11286
0.181053
0.131122
0.169932
0.0849669
0.0894969
0.0375074
0.192612
0.159337
0.0445007
0.187313
0.059208
0.148575
0.121378
0.0155097
0.144609
0.122393
0.10384
0.0554237
0.128521
0.0160367
0.0731744
0.074877
0.0516777
0.0664926
0.064716
0.0496291
0.0656399
0.166225
0.179142
0.0321102
0.00544849
0.114101
0.153363
0.138148
0.0443259
0.0517974
0.102649
0.109522
0.127363
0.00441337
0.0965092
0.183475
0.174501
0.14072
0.122568
0.0358651
0.0352327
0.196701
0.0609936
0.0221168
0.160611
0.0706556
0.116322
0.0817992
0.150672
0.19108
0.0496351
0.184553
0.0768308
0.0404742
0.0306556
0.102511
0.180314
0.0345522
0.145029
0.172056
0.0945426
0.18039
0.0386152
0.0535487
0.056134
0.0815189
0.102549
0.10687
0.154081
0.169768
0.193516
0.0572979
0.180067
0.0518301
0.0678547
0.015408
0.170224
0.18957
0.150665
0.0912163
0.0971314
0.182483
0.102126
0.0980324
0.0809
0.199897
0.168672
0.0113237
0.0228037
0.0122063
0.0718108
0.000664908
0.101888
0.141081
0.0609563
0.19362
0.0386005
0.0902798
0.198071
0.0445356
0.128183
0.0563574
0.125224
0.010058
0.195334
0.0872542
0.146955
0.148558
0.198369
0.137269
0.00383589
0.133753
0.150214
0.110658
0.13027
0.00415049
0.0945165
0.134349
0.0333304
0.0774947
0.114584
0.0426975
0.195078
0.00971172
0.0372491
0.00520601
0.00421629
0.0689138
0.0296436
0.121647
0.00490622
0.0672497
0.13225
0.138984
0.0616112
0.0854865
0.0134546
0.143654
0.137701
0.161503
0.0668971
0.171655
0.149411
0.0696253
0.150332
0.00862284
0.00906382
0.026676
0.137438
0.0398927
0.188569
0.146293
0.169943
0.0152873
0.002509
0.0134927
0.131712
0.0384901
0.153664
0.142116
0.171035
0.041209
0.0164561
0.191261
0.118729
0.0392592
0.0827754
0.0706656
0.0675852
0.185596
0.127639
0.0467111
0.017138
0.10049
0.0293018
0.0562654
0.0656834
0.0262486
0.00989637
0.113263
0.146386
0.0234228
0.0285062
0.0651094
0.00330972
0.125975
0.0481862
0.0286389
0.064821
0.0607954
0.100989
0.0660506
0.0482349
0.116658
0.0329097
0.0547609
0.0720772
0.0489852
0.0181134
0.16665
0.0951326
0.0618342
0.0712569
0.117604
0.144288
0.161464
0.0594548
0.066092
0.114979
0.00782245
0.135928
0.195521
0.0317547
0.160304
0.0185091
0.0600845
0.054169
0.100196
0.10088
0.0935957
0.133363
0.150783
0.198908
0.190179
0.0868869
0.0330767
0.169255
0.0669183
0.141278
0.124173
0.121585
0.148673
0.0746386
0.192363
0.150768
0.0654232
0.0420765
0.17883
0.118338
0.0528096
0.185395
0.128201
0.0448316
0.0465789
0.0806261
0.0502611
0.0364233
0.139903
0.114398
0.175418
0.0682135
0.132236
0.0101128
0.130135
0.0878709
0.0686755
0.0598218
0.167139
0.101351
0.150304
0.149151
0.0344663
0.125739
0.16249
0.0163683
0.127851
0.140858
0.126888
0.187071
0.0581951
0.0556276
0.064859
0.112467
0.184942
0.0994254
0.195654
0.0679615
0.0746664
0.0200829
0.131131
0.0344326
0.0617164
0.0497101
0.116169
0.098006
0.0573289
0.191048
0.147307
0.0549419
0.0338607
0.0927934
0.0311933
0.0976553
0.100907
0.0912349
0.00818418
0.141453
0.159209
0.0837948
0.152385
0.00972965
0.116278
0.0787362
0.140476
0.157759
0.185384
0.080734
0.0156098
0.0515491
0.0869409
0.120405
0.190128
0.101577
0.11838
0.181265
0.157543
0.191063
0.00146384
0.101219
0.00572925
0.0670506
0.0184637
0.0373668
0.0820007
0.0821149
0.0257584
0.187201
0.174674
0.194106
0.151044
0.0382173
0.161345
0.158129
0.112041
0.182377
0.189982
0.125938
0.115484
0.00673021
0.0988971
0.030854
0.161665
0.189563
0.183136
0.0803175
0.0324001
0.170438
0.064487
0.0942312
0.0691995
0.0609466
0.198872
0.0081378
0.0278733
0.101496
0.133703
0.125095
0.126724
0.070591
0.0687318
0.0693726
0.157579
0.0147569
0.0468075
0.186613
0.0506661
0.147772
0.0136444
0.0123941
0.0666488
0.00866335
0.0104322
0.0109159
0.00749324
0.177458
0.187623
0.170378
0.195899
0.184966
0.199029
0.0903434
0.0110489
0.176379
0.195124
0.100144
0.0289323
0.0553014
0.110098
0.0730652
0.0655819
0.103263
0.0551464
0.13303
0.178322
0.025991
0.0387489
0.0253922
0.126548
0.0862054
0.0826937
0.181681
0.0882204
0.0764772
0.00887646
0.193607
0.0843303
0.132916
0.171717
0.0858678
0.00360533
0.167834
0.0882195
0.0263825
0.16888
0.153353
0.0458706
0.047465
0.194756
0.00231881
0.01789
0.121055
0.154017
0.0804208
0.126976
0.0519175
0.0719138
0.169832
0.0938725
0.0298297
0.159324
0.137948
0.0101458
0.187994
0.174647
0.184095
0.119506
0.147851
0.133818
0.049427
0.104355
0.00192536
0.116917
0.0043947
0.140702
0.197594
0.108863
0.121505
0.102863
0.0762878
0.0881747
0.0130186
0.0312931
0.19511
0.144908
0.132884
0.00599259
0.115961
0.040667
0.0136563
0.00689479
0.114854
0.0769579
0.173049
0.0123008
0.192698
0.064232
0.0268689
0.0519623
0.0224648
0.163476
0.122592
0.108526
0.00688208
0.0502915
0.142841
0.104467
0.0963417
0.1646
0.174648
0.0652563
0.000559279
0.0723624
0.182318
0.0505589
0.0102208
0.132779
0.156369
0.156891
0.0120603
0.00948429
0.144249
0.00653537
0.196158
0.145433
0.135949
0.182225
0.0220366
0.109878
0.0290603
0.0904893
0.0553201
0.00495522
0.0169484
0.0331431
0.109973
0.085193
0.0355318
0.1132
0.17537
0.165278
0.199426
0.085966
0.142735
0.092536
0.0809502
0.10739
0.184284
0.16531
0.0685188
0.0945476
0.073651
0.0964754
0.137739
0.0753314
0.179426
0.152147
0.0849985
0.0196355
0.00468334
0.16739
0.125932
0.00595566
0.0677944
0.171639
0.0372562
0.0928576
0.061404
0.00340448
0.115827
0.0841876
0.103182
0.129634
0.169096
0.181803
0.0496343
0.183993
0.0257411
0.10987
0.0887138
0.163178
0.18069
0.038412
0.0915579
0.113517
0.131042
0.177649
0.125672
0.161238
0.0875971
0.0479079
0.172942
0.131537
0.0988586
0.0299784
0.164343
0.0476724
0.0632664
0.175275
0.100662
0.163001
0.142472
0.0736653
0.164241
0.0848638
0.166961
0.137018
0.165647
0.130144
0.051886
0.0441662
0.0338936
0.0653176
0.0332035
0.0865054
0.0561982
0.161123
0.0231201
0.169514
0.144026
0.159432
0.101464
0.150737
0.161852
0.0387651
0.0846401
0.00333897
0.168539
0.0328532
0.146314
0.0885282
0.0499772
0.19252
0.185113
0.0215268
0.01331
0.0450465
0.153226
0.143516
0.113018
0.0910614
0.158269
0.0175906
0.000468624
0.0509473
0.0825668
0.161068
0.104256
0.159507
0.174892
0.147379
0.00706522
0.0806632
0.0525396
0.0835971
0.192947
0.05152
0.182252
0.173837
0.124324
0.12177
0.0313382
0.0397518
0.0680953
0.1414
0.0368446
0.0451668
0.0575349
0.175485
0.013896
0.0842611
0.0076447
0.00225725
0.11134
0.160978
0.0538956
0.133966
0.0534035
0.172224
0.178132
0.0941442
0.148957
0.188201
0.100676
0.14068
0.135864
0.0915729
0.159795
0.107691
0.0600816
0.11409
0.194015
0.149645
0.0814633
0.0964205
0.0514049
0.141405
0.0737383
0.00368999
0.0902746
0.125607
0.0743862
0.0892213
0.0353767
0.0209942
0.0414934
0.146133
0.11959
0.194739
0.0825565
0.104279
0.175842
0.0343796
0.192881
0.169283
0.0857585
0.150308
0.0814139
0.110729
0.101751
0.167639
0.0360852
0.153539
0.0985435
0.16463
0.106191
0.0452807
0.0835098
0.115211
0.127125
0.156041
0.170373
0.0704385
0.0129961
0.108817
0.136885
0.113148
0.095803
0.168918
0.149555
0.154131
0.164114
0.135696
0.174212
0.0878443
0.116053
0.115312
0.0878382
0.169257
0.177792
0.196196
0.0742795
0.145014
0.118761
0.120935
0.163931
0.0411329
0.043344
0.172499
0.140354
0.0750394
0.15049
0.195851
0.107091
0.000592498
0.0789654
0.0179584
0.106535
0.0341369
0.147405
0.0132305
0.0453688
0.0377018
0.133111
0.0706494
0.197339
0.0797049
0.174515
0.0915523
0.0508795
0.105387
0.0532544
0.187946
0.137115
0.0162765
0.0438924
0.158355
0.0489391
0.0340169
0.140181
0.0966525
0.183443
0.00624356
0.00438724
0.0193197
0.0943404
0.140806
0.0781013
0.0660096
0.0641842
0.139791
0.0316634
0.196281
0.125729
0.135737
0.0629196
0.0234292
0.186079
0.134367
0.145779
0.124105
0.061755
0.0239633
0.0560386
0.0708088
0.14873
0.165986
0.146388
0.00462918
0.0352677
0.0730399
0.12123
0.0476607
0.00595807
0.164984
0.106082
0.0626919
0.188719
0.0890844
0.12949
0.0840937
0.0472312
0.0229727
0.072171
0.191273
0.127006
0.158701
0.0834997
0.0945608
0.196866
0.182122
0.0671451
0.0680679
0.00128642
0.154339
0.00633448
0.170433
0.122233
0.14901
0.0429606
0.141958
0.174675
0.12369
0.00345742
0.148403
0.0344169
0.154868
0.0540018
0.121786
0.135599
0.188091
0.104382
0.155203
0.0220963
0.121819
0.170111
0.0732841
0.0408598
0.187076
0.10342
0.183341
0.0083036
0.167476
0.15973
0.0401596
0.152534
0.13867
0.1181
0.113187
0.0635148
0.173921
0.0575658
0.146544
0.0625671
0.126652
0.113871
0.11689
0.122795
0.0171922
0.194916
0.134326
0.176693
0.131765
0.00256645
0.0752245
0.0735311
0.123343
0.170449
0.0677167
0.15208
0.0113135
0.0371646
0.179963
0.151747
0.102492
0.00419055
0.0458795
0.187399
0.0126076
0.0964624
0.102439
0.156361
0.0638619
0.0201583
0.052272
0.0421791
0.0526728
0.134751
0.0800076
0.179206
0.113906
0.173324
0.0812167
0.138463
0.0897295
0.158316
0.143383
0.160374
0.0586998
0.152776
0.171487
0.0988779
0.159382
0.0365914
0.169563
0.15213
0.170502
0.121882
0.155375
0.154867
0.0486671
0.0475152
0.153801
0.0919654
0.0478608
0.0256466
0.0757107
0.000938565
0.0383752
0.0910515
0.145865
0.128372
0.162655
0.0953839
0.146799
0.115909
0.123703
0.116136
0.00797612
0.182316
0.0340222
0.0836141
0.0424816
0.15701
0.17938
0.0791911
0.175677
0.0362868
0.185035
0.166646
0.122489
0.0112495
0.142788
0.0953279
0.137176
0.16738
0.0772669
0.11923
0.19314
0.0796693
0.0684062
0.1397
0.0325108
0.069008
0.0293209
0.110399
0.0359032
0.0796153
0.0980475
0.0256638
0.120422
0.0204784
0.0701507
0.145172
0.172596
0.188007
0.0538221
0.0146385
0.187557
0.125972
0.0289613
0.0257619
0.0930294
0.0875349
0.103807
0.135756
0.0357295
0.0144182
0.0804883
0.198716
0.107795
0.00749588
0.0869191
0.0799844
0.0809192
0.00349441
0.0421385
0.17307
0.17592
0.0847998
0.0760846
0.138899
0.0339338
0.0228806
0.0460437
0.0626934
0.130597
0.130507
0.137466
0.151133
0.178548
0.143868
0.0717027
0.134507
0.102668
0.0939046
0.120714
0.0408039
0.135255
0.0964391
0.0691566
0.0154087
0.175804
0.150279
0.0574226
0.141552
0.101391
0.119457
0.159917
0.109668
0.000638514
0.0673425
0.05477
0.0588475
0.111273
0.149939
0.0845328
0.0725072
0.0592849
0.093917
0.153825
0.0947299
0.147929
0.181047
0.0986689
0.048398
0.0725976
0.0192023
0.121616
0.120317
0.020634
0.012254
0.185222
0.0298349
0.0991998
0.111206
0.0307916
0.02039
0.189289
0.0317263
0.125519
0.179067
0.183368
0.140783
0.12719
0.142637
0.0903132
0.0336791
0.0267723
0.108393
0.158476
0.160048
0.187587
0.189811
0.163315
0.188899
0.0246592
0.194227
0.160533
0.0368219
0.0655635
0.113003
0.146477
0.14577
0.09948
0.0709385
0.112966
0.0454305
0.036194
0.0584487
0.0390578
0.0282469
0.125118
0.174919
0.165799
0.0755567
0.117
0.12695
0.125777
0.0751662
0.148274
0.0787383
0.184052
0.0627503
0.0352931
0.127278
0.185808
0.0614779
0.145357
0.0975973
0.077957
0.122088
0.0468767
0.0765932
0.00149998
0.107096
0.020809
0.0566744
0.00397922
0.0506903
0.163925
0.0947842
0.0694704
0.123685
0.183993
0.00401558
0.178807
0.0844176
0.156769
0.0986301
0.164744
0.122899
0.193819
0.0056389
0.00929398
0.0886567
0.0324918
0.161229
0.17954
0.0688032
0.0243602
0.0900164
0.149589
0.11273
0.165829
0.0227721
0.0220665
0.106814
0.143138
0.139613
0.141898
0.106849
0.0572316
0.168984
0.0362706
0.169902
0.032252
0.196419
0.149283
0.121424
0.059613
0.0985708
0.0449707
0.112285
0.0170548
0.00266171
0.0677008
0.105732
0.113692
0.155328
0.171838
0.0482517
0.0558336
0.0972433
0.092136
0.0356912
0.0493116
0.0406614
0.163014
0.0971772
0.0961454
0.111327
0.113996
0.198716
0.170049
0.0892741
0.185329
0.129818
0.151864
0.183719
0.16106
0.107806
0.0257
0.0485666
0.0621735
0.155496
0.0934
0.0376072
0.162712
0.0781469
0.0678907
0.0797015
0.149403
0.0627333
0.0293417
0.17287
0.0875599
0.156993
0.133534
0.0862797
0.0799177
0.0912424
0.156564
0.19718
0.0358004
0.107472
0.00136283
0.12526
0.0685777
0.08045
0.186599
0.0388466
0.046674
0.0041439
0.0609806
0.0976124
0.0139339
0.159209
0.00341531
0.104376
0.0785823
0.145297
0.0657657
0.17653
0.154552
0.0684399
0.168566
0.0533231
0.192184
0.120396
0.0406753
0.158432
0.152852
0.163905
0.0513388
0.0765165
0.0128953
0.00037502
0.0963617
0.0429139
0.0139468
0.0223935
0.164075
0.0373493
0.0385342
0.0595052
0.0602111
0.026972
0.0177782
0.195801
0.0479697
0.0420793
0.0318643
0.0694883
0.0588458
0.0597375
0.124591
0.147878
0.0532425
0.0628689
0.0139456
0.159541
0.0223301
0.0239056
0.103028
0.0301392
0.163862
0.196707
0.176252
0.183732
0.0824495
0.111224
0.0223686
0.0292778
0.17394
0.0424657
0.154792
0.155528
0.178933
0.0779272
0.139726
0.127779
0.11145
0.11298
0.103566
0.0602929
0.122794
0.0188811
0.143672
0.0627047
0.0201235
0.0296321
0.121398
0.0879483
0.1323
0.16608
0.13088
0.113382
0.131658
0.0415013
0.156722
0.194764
0.0895901
0.0521194
0.150804
0.183735
0.0677489
0.109707
0.173086
0.187462
0.0321935
0.126223
0.123829
0.120557
0.00679459
0.136133
0.123221
0.119154
0.0131847
0.0136583
0.147041
0.133795
0.00448228
0.132224
0.0309859
0.0122478
0.0993282
0.0859871
0.00120812
0.0980509
0.106951
0.0307875
0.0650258
0.143982
0.0890385
0.0111171
0.0354228
0.0867182
0.0997709
0.0357515
0.110669
0.100841
0.0742324
0.0296352
0.145924
0.127976
0.0343425
0.166464
0.110879
0.0667645
0.0283568
0.0329231
0.193183
0.0400902
0.0767605
0.0651217
0.0284548
0.105715
0.0837756
0.0667306
0.143092
0.012147
0.00489526
0.00414518
0.00676492
0.111776
0.0291189
0.0571249
0.143085
0.169722
0.0593178
0.161518
0.0801158
0.149151
0.0729952
0.0476654
0.129494
0.0971839
0.0416087
0.038451
0.00173512
0.0162193
0.0641554
0.118631
0.0722601
0.0710658
0.0839067
0.145503
0.130381
0.0118677
0.123958
0.15693
0.0449292
0.107237
0.144147
0.0571614
0.0645787
0.14465
0.182306
0.0874884
0.112888
0.0857393
0.141203
0.149566
0.0422178
0.179997
0.102691
0.160967
0.106364
0.139456
0.189011
0.0831865
0.0796463
0.136791
0.154638
0.18657
0.144499
0.12236
0.151413
0.0184818
0.100384
0.103313
0.0605424
0.15888
0.164057
0.091493
0.185538
0.156046
0.188247
0.0548671
0.0435624
0.198635
0.0519297
0.122029
0.0157891
0.082412
0.00205069
0.188519
0.161628
0.121736
0.168916
0.107801
0.0221969
0.0298299
0.112694
0.160187
0.158423
0.032594
0.184383
0.081817
0.129351
0.0239422
0.1923
0.00370046
0.172522
0.151434
0.0903764
0.0483629
0.0131626
0.00708532
0.0685395
0.124898
0.0233446
0.0150324
0.0337342
0.0268751
0.0214509
0.116637
0.187057
0.0987429
0.17337
0.171501
0.159398
0.134137
0.197753
0.0822526
0.150163
0.0964691
0.0136455
0.129866
0.0456821
0.105491
0.0814492
0.0975635
0.131184
0.136668
0.0976832
0.175141
0.175231
0.0158379
0.0295281
0.0625982
0.187438
0.0640616
0.0601373
0.10597
0.00746218
0.166179
0.1307
0.00787118
0.178851
0.0411871
0.122617
0.0546029
0.121006
0.104596
0.0408821
0.09396
0.0418928
0.17357
0.0971363
0.103325
0.0211779
0.171426
0.0932473
0.0242329
0.104657
0.0340718
0.101769
0.0507157
0.113526
0.118461
0.0796388
0.143068
0.0135509
0.0562142
0.159169
0.116919
0.0505558
0.144584
0.120714
0.0350552
0.1975
0.0860272
0.176671
0.189702
0.180534
0.125944
0.00218872
0.0438071
0.0263001
0.044923
0.0235215
0.126069
0.058062
0.139868
0.138128
0.14296
0.184488
0.0270155
0.0787204
0.0268
0.153516
0.0955996
0.118319
0.179252
0.0909684
0.0447905
0.0566602
0.120675
0.175239
0.00739255
0.143476
0.149183
0.157686
0.114245
0.049016
0.193071
0.102207
0.00787136
0.0817363
0.131696
0.114633
0.175402
0.198133
0.0384264
0.0126513
0.027888
0.118875
0.0992507
0.0387707
0.150441
0.131829
0.148031
0.194161
0.145005
0.196027
0.00462289
0.0436881
0.163005
0.0408566
0.0472582
0.0453491
0.0276258
0.0347124
0.0269524
0.0524163
0.102224
0.0888366
0.0603993
0.115601
0.150047
0.0391048
0.151187
0.160257
0.0689704
0.0636118
0.111119
0.0304067
0.101298
0.176638
0.0715197
0.0439746
0.0350154
0.0606551
0.126347
0.0603181
0.0550851
0.0685572
0.0717765
0.0921132
0.161772
0.0552716
0.0463192
0.0957721
0.0823097
0.116679
0.0435481
0.15726
0.111248
0.116677
0.180723
0.00756788
0.163056
0.142435
0.112642
0.0294117
0.16219
0.186548
0.00746063
0.193286
0.0550146
0.0647437
0.045088
0.0367042
0.143186
0.193654
0.189831
0.10868
0.00823056
0.0416158
0.0959378
0.151116
0.105989
0.168106
0.040575
0.0955816
0.181116
0.175504
0.173678
0.0224136
0.0104677
0.0306011
0.153467
0.116649
0.131175
0.0870443
0.157632
0.185118
0.0298235
0.0625351
0.056308
0.121171
0.173321
0.123876
0.196373
0.0105506
0.145405
0.167906
0.0186134
0.002555
0.111527
0.000857884
0.073204
0.0449501
0.157572
0.0491375
0.114928
0.180853
0.172014
0.0742007
0.00220659
0.131129
0.107706
0.0367079
0.0563277
0.121257
0.0617056
0.115224
0.142839
0.00279112
0.160947
0.156742
2.27353e-05
0.160785
0.127654
0.128595
0.12598
0.172656
0.0772106
0.0974595
0.16908
0.0126996
0.10216
0.189034
0.00785937
0.0474137
0.0152295
0.137786
0.176774
0.156555
0.0844136
0.168768
0.0680735
0.156295
0.110657
0.101719
0.058073
0.150967
0.113019
0.0300858
0.0101633
0.089182
0.108056
0.0497747
0.188941
0.0746413
0.0783746
0.085834
0.061547
0.195491
0.156286
0.192989
0.0864464
0.103635
0.00444942
0.126878
0.175961
0.0666657
0.109448
0.00886874
0.00570208
0.128989
0.0018568
0.147393
4.83201e-05
0.104307
0.040304
0.0670339
0.0404223
0.068297
0.0685413
0.148241
0.0289225
0.126934
0.136382
0.0744135
0.159122
0.0379598
0.0236492
0.0164329
0.0041893
0.113401
0.161411
0.0919029
0.0345525
0.13262
0.175908
0.145275
0.021175
0.121059
0.138155
0.119968
0.0275999
0.150068
0.135869
0.046923
0.0801594
0.0232792
0.122195
0.150343
0.031434
0.114757
0.173147
0.0695232
0.118771
0.0408069
0.0678808
0.166757
0.180194
0.0114516
0.172327
0.0579294
0.192733
0.13923
0.0709741
0.00268318
0.0896534
0.129347
0.19109
0.138856
0.183409
0.170361
0.00124927
0.0527204
0.0936098
0.0405521
0.140288
0.0432621
0.0983348
0.0132652
0.0889782
0.0365922
0.190668
0.164763
0.16924
0.0849292
0.0657613
0.0281669
0.0385895
0.119857
0.0746164
0.165062
0.17868
0.15379
0.0497223
0.0700987
0.0791545
0.172228
0.183715
0.139771
0.173766
0.0150043
0.199321
0.031754
0.0565102
0.192434
0.00375566
0.127076
0.109769
0.0673656
0.0875555
0.118685
0.0552083
0.0325524
0.0189681
0.0173484
0.0465905
0.164553
0.103109
0.105466
0.0303971
0.000285062
0.147714
0.179019
0.0839235
0.0762894
0.0922614
0.135139
0.126719
0.177904
0.0309688
0.137137
0.124043
0.131704
0.15115
0.00505983
0.116424
0.17189
0.0953866
0.000939684
0.0163552
0.0858397
0.0578693
0.163534
0.130314
0.055853
0.137742
0.00878851
0.122533
0.190922
0.00888808
0.152146
0.0929723
0.029945
0.0709875
0.0701561
0.0832561
0.029452
0.118933
0.0579851
0.151603
0.18188
0.0919087
0.0141259
0.0160301
0.0844868
0.137797
0.0476847
0.193336
0.191808
0.120475
0.113809
0.128906
0.13435
0.077981
0.0607063
0.0219111
0.195143
0.0811886
0.0202958
0.0564608
0.0805227
0.123713
0.166673
0.152753
0.043453
0.0837014
0.162453
0.175838
0.0530535
0.114606
0.125932
0.0761911
0.125475
0.0209137
0.196686
0.00257731
0.0210525
0.116142
0.0985193
0.0169715
0.194468
0.109099
0.0266657
0.108609
0.108828
0.0111989
0.0423499
0.146064
0.194179
0.0813609
0.00992277
0.0566408
0.0159824
0.0989657
0.105715
0.0408953
0.0326291
0.00584451
0.000724556
0.0889429
0.0884025
0.155458
0.117079
0.185616
0.135812
0.0369353
0.0322239
0.0579201
0.00078094
0.0680992
0.114618
0.161056
0.0193088
0.00404144
0.011449
0.034985
0.0175155
0.195474
0.191539
0.13985
0.0801111
0.146307
0.0707362
0.100591
0.0440554
0.119303
0.102137
0.0982512
0.0160489
0.187731
0.120587
0.0352268
0.0056397
0.157276
0.169628
0.180706
0.0631062
0.144568
0.151153
0.153599
0.152005
0.14933
0.0917179
0.109524
0.0236102
0.0168247
0.0130503
0.155023
0.186193
0.0734123
0.0708143
0.194923
0.188964
0.181823
0.169572
0.00682362
0.160636
0.0176972
0.0708588
0.0964901
0.0399708
0.138475
0.0594779
0.120192
0.0939659
0.167801
0.0112409
0.0524327
0.118036
0.176071
0.0832229
0.0603988
0.0697426
0.113706
0.0314263
0.00853471
0.172739
0.142626
0.0406135
0.156959
0.0887413
0.100042
0.0489277
0.168837
0.140738
0.0980504
0.0788667
0.00269883
0.0806139
0.0976002
0.155343
6.23405e-05
0.0694789
0.0497794
0.043389
0.0772296
0.130596
0.1888
0.048613
0.0375913
0.191497
0.145095
0.00106086
0.155315
0.16903
0.11884
0.195222
0.0312516
0.195183
0.116546
0.00821674
0.0743023
0.195592
0.160004
0.0147972
0.045638
0.108609
0.0417658
0.0263248
0.00901642
0.136083
0.169171
0.0250514
0.128053
0.0492586
0.0867021
0.0567734
0.126917
0.195394
0.0530185
0.114367
0.0448073
0.169146
0.0188447
0.110122
0.0994021
0.0337004
0.0138348
0.173812
0.0307914
0.0369889
0.15004
0.174964
0.0370647
0.117469
0.0777487
0.12867
0.0982684
0.147786
0.0835786
0.108982
0.0174264
0.179227
0.145717
0.0667157
0.0481315
0.0943425
0.0965162
0.0840451
0.170881
0.0349279
0.119812
0.0356638
0.0809357
0.0497729
0.125212
0.172634
0.142022
0.18744
0.103562
0.184152
0.187192
0.169031
0.0190709
0.0287064
0.0827434
0.0174214
0.178817
0.152655
0.196263
0.121626
0.119709
0.0708392
0.0136211
0.192727
0.0992105
0.0936182
0.127906
0.0882308
0.120615
0.179186
0.0994157
0.177738
0.0118546
0.153228
0.0975929
0.0813244
0.0804025
0.0456066
0.0707496
0.123909
0.182586
0.0987329
0.182788
0.198974
0.089199
0.1503
0.0620632
0.187062
0.052306
0.164472
0.0861964
0.104197
0.18795
0.156552
0.00813823
0.172628
0.140424
0.0952641
0.0788813
0.0459981
0.181716
0.145838
0.142591
0.183367
0.0974214
0.161547
0.0216135
0.0888722
0.116487
0.172717
0.0897074
0.0823866
0.0733188
0.12203
0.0205984
0.130367
0.177435
0.112799
0.0769628
0.156052
0.0762806
0.145617
0.185845
0.143052
0.108525
0.0234752
0.141101
0.0483723
0.131728
0.123689
0.144877
0.154941
0.108657
0.182515
0.0218118
0.156882
0.138795
0.176872
0.0409346
0.142486
0.0878395
0.0505248
0.114323
0.198949
0.0288016
0.0369535
0.0607454
0.0617225
0.198951
0.0115815
0.177127
0.170894
0.105085
0.00477841
0.0537298
0.0701558
0.136527
0.141978
0.0680251
0.0642619
0.132189
0.119133
0.189561
0.155252
0.0584347
0.0890872
0.163313
0.0278684
0.131772
0.0697997
0.158605
0.169177
0.116893
0.0792927
0.0477118
0.046232
0.114877
0.132946
0.0452747
0.103429
0.00614764
0.0461407
0.16731
0.178612
0.19047
0.161701
0.0987987
0.0975848
0.122104
0.183463
0.105469
0.125116
0.0461264
0.109116
0.174975
0.119504
0.190281
0.0186569
0.0715386
0.030896
0.0995823
0.0360362
0.0902241
0.190455
0.111223
0.0929981
0.0454774
0.107509
0.105864
0.0550341
0.124107
0.0262166
0.0287773
0.173154
0.074566
0.00675481
0.153088
0.0304523
0.0994061
0.0842803
0.101427
0.0236424
0.175157
0.18953
0.026273
0.0514199
0.0393632
0.0595064
0.100426
0.153232
0.155262
0.194603
0.149194
0.0411071
0.0635435
0.0397187
0.070287
0.00283205
0.157346
0.0568555
0.0194061
0.138601
0.132914
0.0484794
0.149972
0.145809
0.0614379
0.178576
0.190452
0.103385
0.0361224
0.159138
0.180836
0.171123
0.0475401
0.191018
0.0519354
0.0759164
0.033017
0.0750228
0.139199
0.164734
0.0848861
0.0803321
0.194813
0.147719
0.132476
0.0228041
0.0205457
0.198833
0.0766563
0.054816
0.148577
0.160208
0.00747235
0.0532756
0.0904573
0.0984588
0.0118432
0.0438784
0.19172
0.0707243
0.175249
0.0754749
0.00383948
0.0866807
0.0496589
0.0778927
0.0256584
0.156986
0.137766
0.178751
0.0676181
0.107728
0.113749
0.0998515
0.0376572
0.18698
0.0479028
0.109452
0.013425
0.0435397
0.180075
0.16279
0.10868
0.173697
0.0670926
0.0233279
0.158742
0.0121706
0.130563
0.0703997
0.15131
0.129505
0.056574
0.0795992
0.0558553
0.175556
0.0977461
0.133906
0.0423569
0.0935985
0.0228037
0.0838865
0.118462
0.013813
0.00433668
0.157268
0.121703
0.0636071
0.00576349
0.129567
0.148283
0.152815
0.10986
0.0323511
0.192841
0.193135
0.0532365
0.18264
0.0661565
0.0376957
0.033989
0.073612
0.128307
0.0383995
0.118252
0.0771397
0.113003
0.1132
0.0796272
0.161395
0.179278
0.131229
0.137687
0.0332067
0.13174
0.167845
0.0969292
0.191204
0.0281329
0.164194
0.0129323
0.17919
0.173896
0.049664
0.183032
0.111285
0.0621225
0.0090735
0.186915
0.047988
0.173188
0.154689
0.137228
0.179597
0.157128
0.0757184
0.0260242
0.199542
0.135727
0.0172229
0.0731791
0.173704
0.160717
0.00785961
0.186054
0.00352665
0.111052
0.154534
0.00321805
0.190156
0.130418
0.105414
0.138918
0.19342
0.184948
0.0393036
0.11206
0.13066
0.172209
0.0036995
0.00223406
0.0747382
0.0911582
0.0395435
0.0102958
0.0458905
0.141229
0.0174749
0.114064
0.106977
0.0197745
0.0392594
0.0409329
0.0272427
0.182322
0.065721
0.18801
0.00264948
0.152709
0.0863894
0.00920192
0.144013
0.171636
0.136253
0.193917
0.0799534
0.0450538
0.0837141
0.168317
0.0329055
0.199975
0.145527
0.19854
0.0195023
0.0972685
0.0337122
0.156668
0.0276099
0.106114
0.0977129
0.0191146
0.18708
0.0759625
0.161202
0.0280526
0.0449216
0.115367
0.126117
0.137725
0.137173
0.00603206
0.0115241
0.195865
0.0759301
0.178913
0.108011
0.193605
0.094052
0.0488518
0.0867619
0.192798
0.00101315
0.111476
0.146329
0.0315247
0.0421683
0.163711
0.125815
0.0935275
0.0801965
0.119824
0.0564147
0.0345372
0.192289
0.173211
0.154299
0.130488
0.0267268
0.0885239
0.196178
0.150381
0.044067
0.123541
0.176531
0.0701961
0.104729
0.0727496
0.101868
0.108768
0.137443
0.171948
0.160602
0.159948
0.0628339
0.141681
0.111287
0.151154
0.0242208
0.036908
0.0126555
0.00138897
0.0645522
0.0513428
0.0548141
0.0400419
0.118163
0.126861
0.111541
0.0404257
0.158648
0.0445031
0.0703937
0.00424982
0.141767
0.166834
0.0394927
0.033458
0.163768
0.0323869
0.0602377
0.0887028
0.0914547
0.031791
0.084075
0.0559484
0.136204
0.188922
0.131056
0.0757665
0.0254417
0.138799
0.154363
0.146481
0.136772
0.078645
0.152859
0.0217596
0.119463
0.00868271
0.172952
0.169598
0.0441055
0.0678893
0.0843264
0.185261
0.101548
0.159558
0.0865228
0.083607
0.0483988
0.100429
0.132632
0.142804
0.0531454
0.0325937
0.115755
0.0738527
0.010692
0.188623
0.0574288
0.126987
0.110605
0.0209068
0.0506089
0.161692
0.164861
0.138804
0.177983
0.0218628
0.0630086
0.189922
0.0684489
0.145234
0.198336
0.169966
0.140243
0.163775
0.153839
0.0541019
0.18253
0.0495867
0.0550714
0.14568
0.173413
0.169428
0.147892
0.0535081
0.19094
0.137489
0.00735745
0.127489
0.161646
0.0575085
0.10072
0.0545831
0.107691
0.031701
0.05973
0.163737
0.0400593
0.0572486
0.0450259
0.0131837
0.104143
0.0783049
0.0722645
0.084704
0.175712
0.173848
0.0483977
0.183636
0.00628792
0.00222062
0.186728
0.189881
0.194198
0.0875069
0.0717224
0.152804
0.0765615
0.0137875
0.00914167
0.0699675
0.198519
0.113521
0.195361
0.00310896
0.188892
0.10168
0.146849
0.0545775
0.170588
0.157088
0.161581
0.00203716
0.0668468
0.0463864
0.144956
0.0171035
0.131685
0.135835
0.144326
0.174713
0.09688
0.138202
0.163189
0.156463
0.00954422
0.0382691
0.00232643
0.177495
0.0823216
0.177484
0.194398
0.159407
0.155085
0.145434
0.0445728
0.0051795
0.061861
0.177614
0.133403
0.109425
0.0340645
0.0836611
0.155492
0.0487052
0.0357904
0.106212
0.0961058
0.0727706
0.130343
0.156597
0.107192
0.192335
0.147082
0.183383
0.0229176
0.155843
0.11463
0.107854
0.0537357
0.139143
0.0779055
0.048201
0.167293
0.194523
0.0329253
0.0434143
0.0976334
0.0752366
0.18705
0.0129293
0.121164
0.179209
0.142875
0.128672
0.122404
0.185267
0.182101
0.156722
0.105138
0.11936
0.0254647
0.113574
0.198541
0.140742
0.128704
0.0547218
0.0143429
0.105641
0.0568686
0.186086
0.01675
0.00521854
0.187529
0.185842
0.108337
0.0415005
0.169845
0.131293
0.163037
0.00397744
0.112526
0.0801814
0.147071
0.154944
0.0553212
0.0376842
0.15592
0.000500591
0.0701588
0.0688351
0.176687
0.0747442
0.176043
0.0596933
0.0462156
0.0671957
0.175882
0.110567
0.00182355
0.0732584
0.0432515
0.0657524
0.119714
0.182471
0.104264
0.0766359
0.0688734
0.0272831
0.17661
0.106726
0.0870238
0.00377781
0.11231
0.00781794
0.0942513
0.163808
0.0623348
0.154838
0.0601568
0.0525795
0.00413966
0.14742
0.00646297
0.137291
0.190528
0.0686766
0.195026
0.0672234
0.0730354
0.0239395
0.0928058
0.0245665
0.0911068
0.0563223
0.126917
0.0939219
0.0305693
0.0154781
0.19398
0.104013
0.191451
0.127019
0.11173
0.151412
0.182579
0.0467952
0.0920091
0.183374
0.0353371
0.124609
0.142906
0.140865
0.165515
0.022662
0.195313
0.0587768
0.0903649
0.0077078
0.133019
0.113528
0.109914
0.0872138
0.056865
0.192344
0.077891
0.0182745
0.0388978
0.153683
0.194042
0.118828
0.0535383
0.0724325
0.091516
0.00979053
0.159012
0.199708
0.197144
0.02956
0.138717
0.0334211
0.120544
0.130838
0.193457
0.151326
0.1003
0.0265304
0.0513732
0.0153667
0.17997
0.003683
0.0996094
0.0209685
0.133342
0.105484
0.00657504
0.0511203
0.0973402
0.0484043
0.186693
0.0928202
0.192088
0.171189
0.122934
0.0703459
0.128708
0.0140633
0.0274233
0.0490917
0.082872
0.116111
0.112371
0.121123
0.143071
0.0885734
0.19107
0.149006
0.189944
0.0215819
0.0522385
0.102365
0.0178693
0.0132953
0.131764
0.173333
0.0509141
0.186834
0.164746
0.0651251
0.19916
0.14589
0.0113856
0.0755907
0.147421
0.0885159
0.0321452
0.0218185
0.10948
0.0817797
0.0497677
0.0190056
0.140175
0.147822
0.146985
0.0304968
0.160214
0.176131
0.00897472
0.105245
0.181877
0.164378
0.149925
0.155422
0.101417
0.0912823
0.186097
0.131436
0.141823
0.0443754
0.11959
0.143218
0.167849
0.123371
0.0256542
0.0170946
0.130472
0.153027
0.0907295
0.109191
0.128784
0.131203
0.117299
0.120241
0.0410956
0.195441
0.105918
0.092783
0.161725
0.0143884
0.1888
0.183513
0.183369
0.18452
0.168965
0.116624
0.0195843
0.0335041
0.0596114
0.120999
0.149725
0.128089
0.184276
0.081887
0.0983269
0.121151
0.0189507
0.0198835
0.146999
0.113127
0.0713264
0.0817404
0.127987
0.0603183
0.0400104
0.14305
0.098659
0.0544401
0.00192085
0.140835
0.119034
0.105099
0.154997
0.146752
0.0557224
0.149276
0.0768305
0.0333828
0.00819888
0.065189
0.0137349
0.0394831
0.161024
0.0714149
0.0355576
0.182859
0.176349
0.0697953
0.0292516
0.070317
0.170233
0.0123805
0.0795457
0.190939
0.0397921
0.117097
0.0768092
0.199496
0.122002
0.0802209
0.0714578
0.0807365
0.0713056
0.158294
0.14549
0.161812
0.013973
0.118757
0.0160316
0.0978155
0.0347117
0.0772835
0.0615107
0.0769855
0.0731766
0.164659
0.054701
0.195117
0.0486818
0.0903114
0.0205175
0.0629843
0.0829779
0.109397
0.161878
0.166048
0.032453
0.0723748
0.0112896
0.109038
0.131482
