0.187285
0.0381709
0.0364066
0.00770694
0.0795462
0.132744
0.149155
0.124877
0.0902314
0.00520146
0.119534
0.0161107
0.0672705
0.0549776
0.153122
0.0210857
0.0290305
0.139686
0.157185
0.114051
0.190588
0.00527048
0.0310719
0.0698511
0.00602622
0.114987
0.191829
0.17985
0.148712
0.156507
0.0544493
0.110452
0.101197
0.199334
0.053808
0.196472
0.0982662
0.113318
0.153812
0.00270714
0.1758
0.0950858
0.0555296
0.00608616
0.192128
0.184772
0.0676219
0.0520497
0.00565607
0.171765
0.171454
0.103233
0.131808
0.120842
0.157003
0.135949
0.0215958
0.142894
0.157015
0.1788
0.0962362
0.158527
0.114532
0.100839
0.104427
0.197492
0.196729
0.087892
0.100559
0.105876
0.196622
0.0628264
0.0628478
0.143994
0.178003
0.162124
0.187372
0.0353157
0.185807
0.0365617
0.0193091
0.0464531
0.0607022
0.111089
0.0108818
0.15361
0.170345
0.1211
0.0113287
0.0104689
0.0350825
0.166524
0.0977347
0.0226978
0.0895929
0.0214217
0.194412
0.0681907
0.0303799
0.0254115
0.108264
0.154206
0.0760765
0.0044759
0.0774485
0.137486
0.0391384
0.10001
0.0545646
0.0570122
0.168236
0.0979795
0.065744
0.098716
0.107891
0.0336556
0.0850428
0.199194
0.05015
0.0548849
0.00564768
0.156384
0.126564
0.00694281
0.106748
0.00465344
0.0547291
0.19144
0.00285387
0.119207
0.0733532
0.172829
0.0234187
0.199049
0.114566
0.00945907
0.0377736
0.158957
0.0431237
0.0946199
0.174013
0.128987
0.0993895
0.0788264
0.166722
0.0130144
0.101614
0.0437279
0.00639977
0.0355137
0.148328
0.13561
0.0142588
0.0634144
0.0592384
0.103297
0.173271
0.0326487
0.0109904
0.0804202
0.0869091
0.148656
0.166827
0.067729
0.0366365
0.162317
0.1751
0.11857
0.11537
0.140986
0.107158
0.183112
0.171803
0.0877426
0.0156575
0.132265
0.119969
0.0662792
0.0971082
0.1217
0.068752
0.106908
0.108801
0.100255
0.0775788
0.184225
0.0487301
0.0699033
0.0929243
0.112492
0.12761
0.106233
0.110357
0.172677
0.197776
0.182093
0.199246
0.0600855
0.0714697
0.0096903
0.0024421
0.124326
0.0843414
0.12485
0.065729
0.152386
0.19887
0.0826313
0.154803
0.0942873
0.172256
0.11456
0.195608
0.0775222
0.0744061
0.0255321
0.116208
0.194999
0.0738682
0.00781383
0.010666
0.193135
0.0754789
0.143141
0.0893539
0.0640296
0.00490109
0.0448344
0.188361
0.0701891
0.189631
0.0614322
0.111643
0.128306
0.0791007
0.0913067
0.0941702
0.149846
0.160404
0.144253
0.0341656
0.13364
0.0693034
0.0502159
0.105304
0.0180128
0.126906
0.146439
0.179342
0.0697088
0.135434
0.0996059
0.109576
0.0138707
0.0882134
0.0307373
0.155667
0.0115389
0.109784
0.116982
0.100063
0.161099
0.0827594
0.181329
0.0315671
0.0986104
0.0151003
0.0463304
0.163839
0.0578491
0.174998
0.154883
0.168994
0.117528
0.0881085
0.107108
0.0652728
0.156471
0.189843
0.190266
0.0932944
0.120985
0.00895049
0.0937841
0.121282
0.176335
0.15798
0.0723451
0.00233154
0.00399533
0.0304419
0.154607
0.169638
0.101922
0.0886406
0.143816
0.183879
0.182282
0.137852
0.0469369
0.0328523
0.171964
0.0864223
0.0517089
0.115561
0.0264482
0.0260173
0.16172
0.118915
0.0324453
0.141961
0.10039
0.17505
0.0233742
0.193086
0.184864
0.0518768
0.0632013
0.0892354
0.162477
0.101659
0.19035
0.194841
0.113183
0.0480104
0.030798
0.138335
0.157336
0.172066
0.193776
0.0286793
0.133522
0.0538208
0.145144
0.0199753
0.112164
0.0280021
0.0804643
0.0761643
0.00600859
0.175919
0.0105029
0.0139655
0.18999
0.185574
0.110769
0.0669548
0.0455289
0.178032
0.149501
0.0317202
0.11382
0.190224
0.0752319
0.189608
0.125393
0.094627
0.111086
0.00518901
0.144671
0.168883
0.173353
0.180555
0.0201435
0.166987
0.0376548
0.10032
0.0985999
0.0215498
0.0318071
0.0186569
0.109252
0.0109018
0.107528
0.11531
0.0891601
0.19851
0.0949575
0.160578
0.150199
0.199247
0.192885
0.115299
0.0019521
0.0195881
0.140927
0.167201
0.180773
0.0410261
0.00514599
0.0706789
0.0966293
0.00150317
0.0559959
0.059185
0.0572521
0.167437
0.14438
0.191025
0.0794012
0.122891
0.00611546
0.162815
0.0117201
0.192119
0.171677
0.0757416
0.129642
0.184973
0.113954
0.00897129
0.127067
0.0846676
0.004106
0.0676868
0.0721365
0.0302973
0.128137
0.114649
0.0917922
0.0438058
0.10815
0.146326
0.110857
0.158909
0.0336605
0.0293408
0.0858122
0.0697609
0.0496372
0.0674005
0.0133675
0.165396
0.0605052
0.112346
0.0528285
0.0746452
0.127858
0.171162
0.0819043
0.150483
0.00121601
0.131964
0.0158041
0.137563
0.0914788
0.0649684
0.00194272
0.0652287
0.173093
0.110596
0.121579
0.116155
0.0319624
0.19755
0.0807367
0.198618
0.151711
0.180181
0.106966
0.0594274
0.0118941
0.00283259
0.0796872
0.186656
0.0141056
0.0675064
0.0289758
0.0293317
0.00309537
0.0606866
0.00305126
0.106714
0.174033
0.167485
0.151013
0.172861
0.148601
0.132185
0.00303484
0.138227
0.10729
0.0257195
0.0483719
0.0635429
0.0590471
0.189859
0.0648825
0.0180323
0.0924624
0.124964
0.0411392
0.0303613
0.116677
0.0144591
0.146379
0.176587
0.0884514
0.0347122
0.0851026
0.12312
0.00462269
0.0978732
0.186785
0.195995
0.164214
0.0452645
0.0452392
0.198446
0.08606
0.105091
0.0159772
0.119926
0.0758681
0.0949758
0.0909835
0.147726
0.00290561
0.09275
0.0754629
0.137815
0.113656
0.0780896
0.192922
0.188387
0.190117
0.156268
0.0787253
0.0559714
0.106012
0.141229
0.00606593
0.119699
0.0156901
0.0496742
0.0445546
0.10967
0.0422569
0.0983806
0.108742
0.114032
0.177465
0.102148
0.0335184
0.172677
0.0690387
0.0676652
0.100872
0.0133075
0.153876
0.0209614
0.130022
0.0811644
0.0504196
0.162265
0.0976114
0.0209875
0.0966462
0.0734901
0.106001
0.0963158
0.0683419
0.095788
0.166991
0.195344
0.074609
0.131278
0.152927
0.0963185
0.143042
0.168927
0.0892467
0.150474
0.0597578
0.00784678
0.184038
0.0562202
0.0385654
0.197249
0.166953
0.0652256
0.0803362
0.0703962
0.0806123
0.177299
0.0351731
0.0343377
0.168953
0.124273
0.0471454
0.0853523
0.184442
0.045343
0.132253
0.193209
0.176506
0.13014
0.111615
0.174286
0.168589
0.0540826
0.0396693
0.120185
0.12231
0.0512225
0.039974
0.0274569
0.0851684
0.0677118
0.0837865
0.00682953
0.18076
0.0684757
0.11869
0.133238
0.0905476
0.13383
0.0672902
0.0740934
0.11449
0.00599345
0.0350097
0.171082
0.0027362
0.133655
0.0469052
0.143654
0.0905523
0.105472
0.0711087
0.0169437
0.00554527
0.00867933
0.0172645
0.0726937
0.0218044
0.0147398
0.0139077
0.0988096
0.132246
0.0659164
0.13862
0.0735312
0.0183586
0.156436
0.165428
0.124354
0.129513
0.165787
0.189392
0.013581
0.0255163
0.103432
0.0195152
0.0987039
0.0011591
0.180392
0.153423
0.0457556
0.0624842
0.137485
0.0455319
0.053016
0.0672896
0.180755
0.185013
0.142984
0.125239
0.102709
0.0499075
0.118718
0.0325498
0.150568
0.119779
0.0112449
0.0374979
0.0599655
0.0833759
0.096393
0.0928097
0.0894959
0.0831015
0.147255
0.19363
0.13311
0.0976474
0.102148
0.132602
0.180263
0.122767
0.1939
0.153209
0.0965814
0.0640532
0.127731
0.0773846
0.0524463
0.159034
0.0701161
0.180357
0.114179
0.0187718
0.117535
0.0974959
0.0965314
0.113302
0.0587845
0.0773906
0.0961432
0.197926
0.198927
0.162947
0.0980373
0.121391
0.085438
0.0569035
0.156293
0.181218
0.124478
0.162824
0.165028
0.0696658
0.166387
0.12011
0.18942
0.0479387
0.0516236
0.0893185
0.0139528
0.141702
0.149872
0.0539414
0.0362743
0.17089
0.133773
0.0764462
0.177254
0.0224445
0.156433
0.0124637
0.109562
0.103832
0.11203
0.0308604
0.143146
0.19658
0.189241
0.0864218
0.147863
0.118429
0.0569966
0.0663382
0.0712037
0.0443735
0.0883104
0.00641959
0.0387751
0.181902
0.112609
0.0357566
0.00327719
0.104449
0.0234008
0.0595814
0.101097
0.0483085
0.0267409
0.127411
0.0723368
0.140652
0.000301198
0.195638
0.0672677
0.0727537
0.181733
0.172941
0.105661
0.0259818
0.120988
0.0332615
0.147991
0.0104338
0.0741517
0.0248412
0.00272566
0.0256007
0.0523545
0.0340625
0.19933
0.138265
0.0165993
0.115984
0.00366275
0.16117
0.0143967
0.104958
0.0393792
0.195476
0.0201856
0.0630779
0.178638
0.124592
0.141809
0.191282
0.194266
0.102368
0.115027
0.187609
0.157788
0.194089
0.0455825
0.14791
0.0202478
0.107658
0.0796771
0.144387
0.132083
0.050724
0.0172642
0.0969547
0.114702
0.188885
0.0642618
0.195038
0.0478174
0.0112485
0.058257
0.0799333
0.113697
0.0215257
0.0507141
0.120922
0.00941915
0.0717704
0.0284977
0.0461033
0.0322645
0.00945475
0.183374
0.107812
0.104585
0.0138533
0.0825088
0.0906132
0.192278
0.0714204
0.13824
0.144843
0.110691
0.0591491
0.158429
0.130446
0.130556
0.161259
0.130377
0.0805104
0.184948
0.138101
0.0382042
0.133596
0.116808
0.015976
0.127287
0.161976
0.137948
0.00195657
0.0244406
0.191082
0.0893685
0.0342118
0.134266
0.185555
0.0241522
0.0597497
0.0376758
0.099628
0.101467
0.110392
0.0236644
0.102476
0.101478
0.0420298
0.0854858
0.0965545
0.140764
0.0913636
0.0260695
0.124616
0.171278
0.0134348
0.0969163
0.141888
0.043601
0.198532
0.113994
0.17966
0.129388
0.199286
0.0610587
0.186144
0.0177954
0.0511964
0.175248
0.0710728
0.1639
0.132463
0.0280127
0.11848
0.065191
0.192706
0.0120146
0.0329578
0.0161517
0.166217
0.191425
0.00350895
0.0166779
0.150258
0.113215
0.0667675
0.0786589
0.0525494
0.16814
0.144749
0.0696216
0.164905
0.156586
0.0677028
0.0246913
0.0632937
0.119825
0.182618
0.0589224
0.0522313
0.0961883
0.0433447
0.181835
0.198883
0.163616
0.0107158
0.14877
0.0157209
0.119306
0.110068
0.0835506
0.108705
0.151568
0.0132034
0.166227
0.0847613
0.0721235
0.109378
0.0870287
0.151672
0.0333547
0.0984695
0.0997338
0.106992
0.0512793
0.0719434
0.0534965
0.153899
0.0357815
0.0268323
0.136317
0.0244862
0.15347
0.0033721
0.0794106
0.175388
0.0920441
0.192988
0.0226699
0.0954031
0.0412558
0.0851305
0.179723
0.0234773
0.161528
0.171837
0.093218
0.0520824
0.185649
0.0390011
0.105874
0.143219
0.0370555
0.106934
0.171636
0.125223
0.0837755
0.110831
0.113353
0.0468948
0.176944
0.112266
0.147632
0.0492755
0.0288195
0.0191084
0.162591
0.160643
0.104597
0.126401
0.0639243
0.152268
0.105184
0.13353
0.0170587
0.100668
0.0573046
0.146372
0.155488
0.166422
0.0716303
0.155358
0.101457
0.0461082
0.0393507
0.1527
0.159159
0.156038
0.0222342
0.040154
0.113125
0.143482
0.157824
0.0947493
0.00580116
0.101148
0.143201
0.0949894
0.0533589
0.0871302
0.176029
0.133838
0.0487407
0.0856233
0.0461458
0.141135
0.0940161
0.0316776
0.163641
0.187583
0.11132
0.190566
0.165727
0.15812
0.0493225
0.0174426
0.115057
0.126414
0.111402
0.0757044
0.194925
0.191714
0.0368623
0.0990135
0.184415
0.0911776
0.185282
0.0812688
0.174181
0.182946
0.152057
0.188551
0.119807
0.172705
0.028329
0.109335
0.0316492
0.0821576
0.147386
0.183611
0.0794753
0.0171862
0.0777152
0.0891625
0.126884
0.171745
0.172793
0.182853
0.0875199
0.162526
0.193178
0.0984203
0.161783
0.0984577
0.157039
0.0982971
0.118339
0.0447183
0.0272551
0.149266
0.184111
0.0456943
0.199156
0.105108
0.000458302
0.132241
0.135878
0.0760218
0.0475876
0.195051
0.0524251
0.181899
0.000733056
0.106735
0.0681645
0.0705893
0.0383286
0.184158
0.174798
0.173364
0.171863
0.0807378
0.103272
0.181556
0.119421
0.0189659
0.0857525
0.0251704
0.0472564
0.095942
0.0965468
0.0964635
0.190161
0.190702
0.0477291
0.0392022
0.103101
0.0371558
0.186301
0.0819691
0.0349577
0.0422395
0.080563
0.0553873
0.194498
0.123646
0.108647
0.110687
0.0150815
0.122522
0.0564878
0.140707
0.00226144
0.099454
0.123172
0.132038
0.127845
0.156089
0.147956
0.178358
0.043285
0.13424
0.182667
0.194876
0.193938
0.129462
0.101963
0.111083
0.102632
0.0726322
0.118765
0.035643
0.0235688
0.190999
0.166865
0.0854322
0.148074
0.175588
0.0841802
0.0343456
0.168123
0.168647
0.195665
0.136501
0.0963448
0.0264164
0.120528
0.059529
0.0741217
0.194429
0.182982
0.171018
0.0386004
0.161002
0.0548654
0.0433749
0.0792692
0.00695451
0.0350996
0.0462134
0.0356323
0.0329872
0.158695
0.171984
0.189543
0.0056211
0.0477795
0.0328356
0.160446
0.0542235
0.140669
0.0695377
0.105238
0.135025
0.000182892
0.096679
0.1765
0.0392752
0.119034
0.161898
0.11333
0.103103
0.036238
0.139155
0.168244
0.107878
0.118457
0.138765
0.030205
0.137794
0.0229665
0.127248
0.117027
0.0285072
0.130952
0.156644
0.164119
0.0318591
0.0727773
0.144684
0.0352347
0.173387
0.0459216
0.148159
0.0656756
0.145034
0.0365821
0.182047
0.139048
0.0344741
0.00924883
0.0610595
0.0444822
0.0304269
0.117796
0.000634782
0.0639273
0.169702
0.1113
0.1726
0.0874387
0.171167
0.199033
0.0547312
0.0496974
0.0128358
0.124051
0.0559978
0.00580315
0.107914
0.0458467
0.0138081
0.049995
0.191724
0.154553
0.00831219
0.18659
0.119326
0.00979494
0.12468
0.179102
0.184589
0.00724831
0.00902166
0.173917
0.0892457
0.11978
0.113489
0.17069
0.10917
0.185576
0.0290606
0.0826189
0.154595
0.0858236
0.00611293
0.183845
0.0883927
0.111913
0.0882891
0.0112344
0.185133
0.0174227
0.0472821
0.0518858
0.0349678
0.119487
0.166415
0.151379
0.0576107
0.0163841
0.161441
0.0190611
0.146359
0.0398776
0.0285506
0.0970065
0.0312351
0.0506839
0.0984637
0.0880423
0.129411
0.111714
0.0506947
0.059974
0.067595
0.0288631
0.0906974
0.112664
0.0812654
0.0921329
0.0888574
0.0630154
0.0429983
0.0877051
0.104061
0.149499
0.134171
0.12171
0.0529456
0.0472428
0.113252
0.122224
0.0148165
0.0969435
0.11062
0.0542256
0.118922
0.181354
0.143508
0.0573528
0.12717
0.197114
0.0984066
0.0684043
0.145768
0.129504
0.15167
0.143543
0.120323
0.0161895
0.0157812
0.159758
0.153622
0.00815888
0.126739
0.0279979
0.124865
0.0555619
0.0572385
0.0664345
0.0501087
0.113593
0.0049376
0.044303
0.0239437
0.103105
0.10955
0.0164969
0.191034
0.0625645
0.0193811
0.18367
0.0881548
0.153738
0.0358974
0.0173441
0.121859
0.106964
0.1802
0.0253037
0.00117942
0.0563568
0.0801268
0.131729
0.190632
0.0345119
0.0109718
0.116658
0.197673
0.172938
0.0807388
0.0278589
0.00420981
0.0615057
0.144535
0.0360544
0.140407
0.0828692
0.0280928
0.189096
0.066248
0.126351
0.0840194
0.0577564
0.117081
0.0586069
0.127021
0.106735
0.0702013
0.0598452
0.0700412
0.00680959
0.129753
0.0519401
0.0109864
0.039088
0.197064
0.170385
0.101201
0.0857785
0.00639927
0.149956
0.0346203
0.182074
0.181891
0.052917
0.0707929
0.0374011
0.118459
0.0800781
0.00202977
0.0974193
0.0917678
0.120241
0.146033
0.116124
0.192984
0.176861
0.0187885
0.133094
0.137324
0.0735545
0.170016
0.0326282
0.147652
0.0106634
0.046395
0.0357116
0.0380944
0.0182558
0.0565751
0.0441519
0.0428712
0.195957
0.182701
0.191997
0.141789
0.0847038
0.0717059
0.0192829
0.0530528
0.137714
0.14363
0.189113
0.0680772
0.10876
0.146386
0.185183
0.111738
0.138784
0.162587
0.113762
0.0658464
0.0493522
0.0219235
0.00258322
0.183163
0.197189
0.130649
0.186687
0.103481
0.0620698
0.00590733
0.0172943
0.141931
0.0845587
0.0520944
0.0434183
0.140324
0.182261
0.199557
0.058036
0.137968
0.0793535
0.115981
0.0994002
0.0593366
0.031478
0.183792
0.0383155
0.0270303
0.031153
0.161736
0.0532815
0.0376705
0.0975183
0.154099
0.1286
0.177094
0.0656015
0.156547
0.000901149
0.0274536
0.127606
0.0374097
0.0892179
0.176351
0.181763
0.170664
0.186746
0.0207091
0.108794
0.0721355
0.00377666
0.00213848
0.013398
0.0552608
0.176403
0.197192
0.0751941
0.116844
0.0123998
0.0232318
0.182266
0.162706
0.194345
0.173844
0.0413228
0.157077
0.138808
0.087957
0.134991
0.139646
0.0274084
0.0495345
0.0664922
0.132022
0.0394296
0.189272
0.0587026
0.107969
0.0107542
0.0741467
0.115508
0.0108379
0.0105721
0.0528358
0.0794559
0.0107534
0.140115
0.0605191
0.144531
0.162428
0.0658376
0.169147
0.179374
0.16647
0.0213371
0.0290004
0.0295016
0.0223635
0.00662039
0.129871
0.105919
0.149659
0.064742
0.103296
0.190978
0.173204
0.0994695
0.100838
0.0850434
0.038325
0.132672
0.095453
0.050552
0.178772
0.0366683
0.0830277
0.0246076
0.169722
0.056697
0.036396
0.0194823
0.109736
0.143495
0.0821737
0.133901
0.0552707
0.040893
0.139044
0.0419792
0.105342
0.130522
0.0238267
0.102075
0.0684919
0.0658059
0.162185
0.170282
0.0513949
0.0863417
0.0546343
0.0174482
0.144971
0.195604
0.0591043
0.0876672
0.0367781
0.0772773
0.082096
0.17892
0.196392
0.0642448
0.018195
0.0750483
0.000302944
0.0847193
0.162981
0.111586
0.142372
0.168439
0.098647
0.0610467
0.180278
0.0919448
0.0591974
0.0890281
0.166537
0.177231
0.0769069
0.161855
0.197526
0.16597
0.115466
0.162316
0.104003
0.0695235
0.170147
0.151261
0.066991
0.0784911
0.13437
0.0589076
0.194547
0.197697
0.00138759
0.0273507
0.120419
0.0580075
0.0417485
0.187481
0.190369
0.172184
0.15317
0.0405065
0.0875735
0.198267
0.174042
0.169479
0.0786722
0.0424776
0.199506
0.0153642
0.140882
0.189842
0.0185568
0.197254
0.14822
0.0356737
0.0627074
0.0238299
0.0628312
0.105595
0.027609
0.154942
0.095204
0.0470367
0.0209213
0.0472483
0.111971
0.0648953
0.0237319
0.0218499
0.0603261
0.197738
0.0460351
0.0377671
0.163635
0.177491
0.154329
0.156661
0.109995
0.143788
0.0801525
0.145471
0.0956616
0.177344
0.160793
0.146978
0.0163855
0.162551
0.0789055
0.0199303
0.00835151
0.080149
0.0378891
0.170113
0.133757
0.0334711
0.00808779
0.0805692
0.153528
0.150159
0.00204296
0.0896257
0.198812
0.0842192
0.0328347
0.086475
0.0510658
0.104384
0.0390081
0.0897892
0.0931543
0.0617573
0.19922
0.198855
0.0744485
0.155162
0.195786
0.0168302
0.0885238
0.116356
0.187168
0.0538798
0.105111
0.00780576
0.182428
0.0942767
0.194319
0.181102
0.0305378
0.0554163
0.0266282
0.00814824
0.0134113
0.115637
0.179109
0.185896
0.0912682
0.18473
0.17364
0.027189
0.112601
0.0685897
0.0860083
0.140661
0.00631588
0.093164
0.06893
0.0836445
0.116909
0.0899386
0.0871707
0.147388
0.049888
0.0574671
0.0819662
0.179473
0.0638385
0.0983345
0.160762
0.0978873
0.0861438
0.0421977
0.181665
0.0910041
0.191101
0.116338
0.105272
0.138582
0.196124
0.180643
0.107984
0.0546094
0.0155831
0.101605
0.167128
0.0543505
0.0899358
0.0740464
0.15073
0.186762
0.028915
0.0869689
0.1863
0.0820089
0.0386579
0.15993
0.0212131
0.0536523
0.000710882
0.0542401
0.181845
0.155944
0.149908
0.0564151
0.000540639
0.136074
0.194871
0.0458709
0.144856
0.0913581
0.00686832
0.144003
0.180031
0.111402
0.194823
0.119581
0.00815424
0.126086
0.037088
0.174496
0.0545016
0.106128
0.190925
0.0454813
0.0676372
0.0388495
0.00749543
0.057851
0.156712
0.178458
0.0621235
0.00706839
0.190383
0.0397489
0.181189
0.107582
0.0502496
0.0196563
0.0744213
0.0933062
0.0922652
0.185934
0.197536
0.178464
0.018075
0.136881
0.138701
0.145066
0.0822489
0.00892462
0.0845477
0.0236453
0.12594
0.0349963
0.123453
0.107803
0.15468
0.0211655
0.0372933
0.0761261
0.0171719
0.0644175
0.167501
0.119447
0.100963
0.0926242
0.0484403
0.173273
0.196541
0.0830766
0.165088
0.145688
0.100139
0.06833
0.0517312
0.0438031
0.00684696
0.0135828
0.0390119
0.152948
0.174417
0.116107
0.0918654
0.092486
0.163357
0.00597262
0.194208
0.00921718
0.17855
0.00103247
0.0295575
0.0214671
0.0219373
0.0613049
0.144432
0.161078
0.121181
0.161671
0.109225
0.127426
0.15927
0.0770948
0.0898695
0.114897
0.0660053
0.121426
0.0658597
0.0208611
0.00577826
0.162959
0.0962378
0.0749653
0.123901
0.0833187
0.00619593
0.189479
0.158533
0.110615
0.19807
0.0746352
0.0995839
0.0776464
0.0517478
0.0355671
0.0364795
0.0725287
0.104582
0.00132403
0.0333798
0.0280683
0.139694
0.175082
0.0721896
0.108064
0.130077
0.0438945
0.102394
0.19068
0.188188
0.103756
0.0255766
0.0732745
0.125937
0.0173671
0.185486
0.0568045
0.12656
0.0600308
0.0694389
0.0196778
0.16791
0.167907
0.14886
0.0464132
0.00919936
0.0335571
0.0842992
0.178526
0.077896
0.164082
0.186683
0.0456075
0.199034
0.150185
0.00912817
0.020457
0.0969624
0.0923797
0.0851921
0.157959
0.141642
0.154408
0.0974989
0.0761367
0.14056
0.00077449
0.165431
0.174614
0.15129
0.0553719
0.187578
0.174806
0.174258
0.180532
0.0996658
0.0201933
0.110185
0.133437
0.185028
0.153055
0.0432264
0.171661
0.0915403
0.147048
0.0306236
0.159384
0.0909174
0.00285149
0.174682
0.085607
0.139861
0.07433
0.00479958
0.100889
0.0912952
0.0830944
0.086796
0.158117
0.100662
0.0132709
0.143637
0.166005
0.172464
0.144846
0.0387622
0.00554422
0.0393479
0.102278
0.131885
0.082604
0.12156
0.113413
0.132788
0.0445763
0.057451
0.00602625
0.0229168
0.0878757
0.0967347
0.18243
0.17986
0.0826774
0.119509
0.0831601
0.0572062
0.196503
0.17194
0.16529
0.0871475
0.11558
0.000194082
0.0030769
0.0772531
0.116825
0.0973401
0.180235
0.177433
0.0948142
0.162794
0.146977
0.115662
0.0600088
0.0670184
0.0643469
0.152105
0.156844
0.0397379
0.0400453
0.152302
0.0908914
0.0624062
0.189414
0.192162
0.175227
0.136589
0.150295
0.11541
0.194382
0.0767809
0.0262034
0.104254
0.0109517
0.0687958
0.00786891
0.0540768
0.0275673
0.130314
0.0216562
0.00876894
0.0571374
0.0379617
0.013475
0.0357503
0.148158
0.099286
0.0261451
0.0183848
0.150898
0.195279
0.148124
0.113761
0.0133458
0.0331783
0.0857011
0.0581966
0.138881
0.178079
0.198513
0.0952403
0.174227
0.0466813
0.0474489
0.195815
0.167547
9.33018e-05
0.0489186
0.00477827
0.15119
0.149087
0.0237823
0.189238
0.103964
0.0253098
0.0756634
0.01331
0.0598276
0.0916191
0.0452917
0.135225
0.0651733
0.13132
0.127914
0.0423043
0.0450637
0.0118352
0.140633
0.137738
0.0523749
0.0692412
0.0748964
0.148544
0.0753872
0.0658901
0.0317279
0.0781426
0.108381
0.111512
0.16733
0.102626
0.0109356
0.166395
0.0944135
0.0703531
0.094266
0.143431
0.159212
0.163188
0.148125
0.115218
0.162168
0.0505101
0.173366
0.023056
0.0695898
0.179959
0.0791886
0.120432
0.199141
0.116481
0.116497
0.064553
0.0852664
0.185009
0.0135563
0.035691
0.089394
0.0469067
0.0170441
0.115464
0.0494185
0.120767
0.113823
0.00700399
0.168056
0.127925
0.0816803
0.140647
0.0606902
0.180947
0.0495308
0.0355497
0.00256342
0.159138
0.0349143
0.0425004
0.133625
0.0561353
0.0809947
0.0511107
0.00263323
0.145675
0.115258
0.136388
0.0513496
0.0388477
0.0419221
0.0677452
0.107561
0.0807704
0.177597
0.0642224
0.0427344
0.0276977
0.182295
0.0410389
0.0509638
0.184222
0.0775028
0.0823914
0.0663207
0.128156
0.177371
0.178378
0.15922
0.172305
0.187266
0.0721424
0.0276362
0.186402
0.000692479
0.183921
0.0413797
0.0555249
0.139377
0.167531
0.147449
0.121711
0.0511324
0.175801
0.199156
0.142051
0.115374
0.123429
0.106933
0.138409
0.146807
0.00468946
0.180077
0.017857
0.042481
0.117357
0.121184
0.109771
0.161518
0.178022
0.0521592
0.118353
0.145485
0.155534
0.061145
0.00349806
0.0811906
0.0193493
0.180417
0.19438
0.0410476
0.0342956
0.106292
0.0549231
0.182988
0.0675304
0.0702373
0.178677
0.118747
0.0519603
0.0647236
0.0993972
0.130618
0.143779
0.167147
0.126042
0.0690561
0.0710339
0.0995296
0.0147285
0.0252488
0.172916
0.0103143
0.00949872
0.117344
0.0712651
0.120277
0.024136
0.0619929
0.145611
0.0902988
0.0104197
0.0366169
0.0198235
0.195415
0.0821149
0.192783
0.0267659
0.00247353
0.197398
0.103096
0.181011
0.191986
0.102078
0.0330404
0.172547
0.00464057
0.0356224
0.159435
0.0565755
0.121799
0.194789
0.0435088
0.195112
0.0484778
0.0858735
0.00412557
0.115966
0.160974
0.125771
0.100084
0.0784677
0.122677
0.167695
0.113897
0.13999
0.183423
0.0272726
0.129185
0.0169632
0.106616
0.00801044
0.00886076
0.147702
0.183131
0.0422869
0.0141118
0.114358
0.00544643
0.164326
0.184482
0.0974078
0.108559
0.144004
0.12147
0.0815864
0.0796798
0.0300418
0.131838
0.00779732
0.00419005
0.062021
0.174674
0.0136269
0.00931966
0.102991
0.0827664
0.192792
0.0327192
0.177471
0.163431
0.0212744
0.124891
0.176994
0.130302
0.118971
0.110855
0.0461562
0.0671811
0.140925
0.152814
0.169001
0.0693331
0.159296
0.0664505
0.0678753
0.00635396
0.107091
0.0739016
0.112369
0.00168242
0.100285
0.140462
0.178066
0.167082
0.0958202
0.186261
0.19173
0.192095
0.149986
0.00895739
0.031139
0.0123224
0.0947096
0.0832142
0.173786
0.0322294
0.0958164
0.0867021
0.161968
0.168877
0.139595
0.152724
0.188942
0.129917
0.192606
0.0315271
0.0859332
0.132114
0.0819427
0.143717
0.16906
0.134612
0.147929
0.142182
0.192226
0.138593
0.153939
0.0336458
0.0366246
0.0073596
0.117131
0.0354689
0.127558
0.071645
0.105624
0.135171
0.0567033
0.0882891
0.0810445
0.122372
0.169832
0.070924
0.0910341
0.0263776
0.128771
0.0681594
0.176955
0.0506694
0.0979188
0.114805
0.00185997
0.136239
0.120663
0.123267
0.0668351
0.0217419
0.127736
0.118206
0.156861
0.0179437
0.0211362
0.0467126
0.18833
0.0825271
0.197253
0.120429
0.183829
0.085092
0.0437088
0.162855
0.00189459
0.194427
0.00111535
0.116226
0.0905493
0.0146897
0.151592
0.0679555
0.0697092
0.110336
0.136041
0.187308
0.00380013
0.196273
0.146993
0.0649495
0.0664423
0.152565
0.100997
0.157792
0.100234
0.0224068
0.191447
0.0980824
0.134356
0.131908
0.148146
0.10171
0.187571
0.0605396
0.0269537
0.140035
0.18764
0.0857346
0.00417133
0.119827
0.04366
0.170665
0.0944911
0.190709
0.0322412
0.074421
0.0506906
0.100876
0.040126
0.0350201
0.0760353
0.190937
0.189102
0.0949158
0.035819
0.174406
0.0684986
0.0607299
0.114204
0.170018
0.107131
0.199747
0.0453695
0.183352
0.171888
0.096324
0.0424253
0.138704
0.170312
0.092958
0.179498
0.112969
0.138887
0.15864
0.00677132
0.197315
0.114328
0.010729
0.0773629
0.128482
0.14513
0.0862348
0.166183
0.12875
0.0468324
0.106672
0.191797
0.0299949
0.0920411
0.18463
0.177524
0.188591
0.0334599
0.0799229
0.164028
0.0458246
0.0760459
0.0770883
0.154175
0.183565
0.0666966
0.130377
0.138539
0.0897093
0.114144
0.175929
0.195495
0.124299
0.145794
0.073983
0.0659034
0.176206
0.0393676
0.0621261
0.060324
0.00953831
0.143624
0.0476093
0.0519172
0.168943
0.040422
0.0860533
0.0208599
0.0816159
0.0594594
0.161657
0.148173
0.107264
0.0592529
0.149364
0.180549
0.0440497
0.104958
0.183319
0.0103443
0.0374455
0.169144
0.0211008
0.14735
0.179566
0.0787068
0.099806
0.185733
0.154794
0.0636716
0.13085
0.138726
0.188287
0.115469
0.0273895
0.167206
0.0133284
0.0927081
0.0439171
0.0566322
0.173215
0.149947
0.042817
0.0413645
0.00319851
0.00237203
0.0615964
0.180926
0.0685152
0.1998
0.171111
0.0651151
0.0185859
0.193303
0.0467419
0.0448872
0.0852633
0.13595
0.125781
0.097817
0.0222756
0.00445353
0.149426
0.158378
0.0480833
0.0688744
0.121354
0.121626
0.188995
0.10099
0.0266356
0.143479
0.115122
0.133547
0.0361288
0.087924
0.0829088
0.0324507
0.0844225
0.0481509
0.0240674
0.0998071
0.11401
0.183513
0.0506077
0.184736
0.0818264
0.177562
0.132402
0.0192621
0.145231
0.157098
0.132988
0.00376916
0.124123
0.147572
0.154919
0.00707022
0.120549
0.109211
0.159317
0.0621101
0.0565784
0.00556015
0.0892287
0.0694906
0.156773
0.0341308
0.183294
0.101451
0.186184
0.199712
0.141433
0.0600132
0.119464
0.167129
0.104895
0.0258753
0.175842
0.0519144
0.0664616
0.0144813
0.197354
0.118698
0.0184569
0.0959462
0.0466926
0.0656062
0.187553
0.158162
0.0100811
0.103115
0.139234
0.144193
0.143086
0.136912
0.13361
0.0221118
0.052634
0.180377
0.0234728
0.134882
0.0642405
0.0159755
0.18997
0.19796
0.0211438
0.191362
0.125752
0.173672
0.150255
0.00991369
0.0811124
0.048089
0.193048
0.149746
0.0715758
0.00375595
0.192575
0.0952535
0.135555
0.179058
0.0887299
0.161131
0.0920675
0.0889874
0.123562
0.0422065
0.0743317
0.0905011
0.00227743
0.0121857
0.0574773
0.0738016
0.18846
0.116236
0.0983325
0.143069
0.11549
0.167061
0.0188203
0.051958
0.00735747
0.122986
0.150005
0.0936383
0.105575
0.15801
0.131378
0.0748132
0.0148009
0.11993
0.157549
0.096043
0.00321585
0.055186
0.0325863
0.0170161
0.0952304
0.100378
0.0396715
0.107193
0.141012
0.119352
0.187464
0.0794089
0.0998266
0.0332414
0.097179
0.0535624
0.0168957
0.09759
0.174528
0.17103
0.0446592
0.17818
0.120825
0.180589
0.158053
0.0222483
0.0680664
0.0115707
0.0648464
0.0276562
0.185325
0.100318
0.164361
0.141146
0.0922802
0.0811629
0.187707
0.0246162
0.0403783
0.0192789
0.198168
0.00575012
0.115418
0.143423
0.183026
0.0835507
0.0523965
0.0919939
0.0376887
0.0274648
0.175387
0.100157
0.123159
0.0580406
0.0238076
0.0409945
0.0275899
0.019399
0.0598916
0.149811
0.153393
0.174713
0.127802
0.0138045
0.149603
0.09718
0.166303
0.0552887
0.17461
0.0777975
0.0865373
0.0680151
0.0740387
0.0373098
0.127268
0.0409321
0.13732
0.110996
0.00780692
0.0588068
0.137363
0.184107
0.0472692
0.198991
0.0647238
0.0219879
0.0874777
0.0922721
0.181696
0.118972
0.0829608
0.0658279
0.182749
0.0445546
0.104585
0.107945
0.198643
0.149477
0.078018
0.0709252
0.0354521
0.144252
0.0889122
0.152109
0.0331612
0.0872179
0.188067
0.114664
0.0811661
0.0274408
0.045545
0.0679397
0.191894
0.0895821
0.177807
0.0597871
0.17971
0.197792
0.165028
0.144408
0.127673
0.128481
0.14727
0.155463
0.0117242
0.0974125
0.0441827
0.0706179
0.144395
0.0744222
0.0975205
0.17042
0.0539224
0.0574627
0.0279135
0.173602
0.135295
0.15278
0.193276
0.0684213
0.0618387
0.0677068
0.16482
0.1758
0.0454353
0.165165
0.104281
0.0110132
0.0125146
0.0595779
0.157729
0.197243
0.0341623
0.187721
0.020608
0.0894595
0.159604
0.16806
0.0379319
0.0963446
0.115218
0.0989841
0.136788
0.0279814
0.141338
0.0290617
0.108559
0.148101
0.0905916
0.10482
0.189946
0.0953034
0.150733
0.0640453
0.052032
0.0596852
0.00283354
0.00294032
0.0167979
0.127279
0.120063
0.0398143
0.133288
0.0875142
0.178567
0.18378
0.0916731
0.0916709
0.099432
0.0533429
0.00696572
0.0327009
0.0122851
0.0587214
0.0842216
0.100488
0.0346448
0.15799
0.027598
0.0792806
0.189717
0.129181
0.0043243
0.109885
0.0458995
0.108124
0.0476269
0.150488
0.0814016
0.00838931
0.160343
0.0353617
0.111545
0.054479
0.108728
0.150012
0.140949
0.14311
0.191503
0.0925786
0.187524
0.128438
0.0870468
0.0349112
0.0813123
0.147087
0.00188386
0.0272365
0.151478
0.123891
0.0443096
0.162425
0.0449659
0.155696
0.0745756
0.0887638
0.139719
0.148526
0.0365162
0.17124
0.0387724
0.15202
0.163461
0.166979
0.00100014
0.0350223
0.133077
0.123358
0.139085
0.0444475
0.0562756
0.180117
0.196359
0.116225
0.0946007
0.138537
0.0781398
0.15606
0.163723
0.145789
0.0831297
0.150399
0.0500556
0.069344
0.081927
0.0694791
0.0685783
0.01516
0.0719904
0.106726
0.056326
0.184256
0.184617
0.167429
0.102282
0.0161256
0.0222922
0.175974
0.128178
0.142676
0.196454
0.116921
0.0501487
0.151218
0.176605
0.169428
0.0311985
0.13237
0.116591
0.0786903
0.179574
0.196315
0.101088
0.00456865
0.0840091
0.0752802
0.171669
0.153786
0.163421
0.124277
0.144668
0.0202995
0.125018
0.0590185
0.0527136
0.0686655
0.0247483
0.0550157
0.0104501
0.113995
0.120424
0.196748
0.155389
0.140635
0.106497
0.0175745
0.17332
0.160638
0.176692
0.0878931
0.162227
0.099056
0.116425
0.166084
0.183083
0.088237
0.007535
0.164327
0.116821
0.0284754
0.192264
0.195419
0.106704
0.144934
0.186193
0.176315
0.0876645
0.128769
0.0695536
0.140491
0.070232
0.00169591
0.0447759
0.0323713
0.165044
0.0740455
0.0618349
0.0475249
0.0791369
0.131821
0.190447
0.105179
0.109561
0.129573
0.085311
0.0065349
0.150998
0.162239
0.160237
0.164652
0.0716273
0.199931
0.0404922
0.149508
0.169633
0.12967
0.160791
0.132194
0.0622212
0.145728
0.0206847
0.109598
0.144494
0.00161896
0.0112258
0.135081
0.147808
0.153908
0.127261
0.0144281
0.0797625
0.00897018
0.0397597
0.0847531
0.125617
0.0612248
0.138163
0.0808189
0.0739798
0.138528
0.162019
0.156601
0.0536323
0.0911998
0.0646211
0.159645
0.0306735
0.184083
0.19974
0.104271
0.0383815
0.0797086
0.183254
0.0649365
0.0801654
0.0287848
0.142858
0.123586
0.173854
0.000274994
0.151244
0.0518028
0.19142
0.130419
0.122586
0.119603
0.180449
0.0151786
0.0435923
0.199521
0.0400464
0.164047
0.118936
0.165861
0.11914
0.075396
0.0275492
0.041374
0.0632563
0.028032
0.0205784
0.121646
0.178708
0.169093
0.181624
0.11597
0.0414453
0.0210281
0.00114576
0.0421784
0.195562
0.185763
0.174887
0.171393
0.065225
0.145387
0.017908
0.111345
0.02581
0.0252106
0.0537741
0.0394025
0.025602
0.08165
0.183564
0.157831
0.0890431
0.0636812
0.159214
0.162259
0.185572
0.0430435
0.146095
0.187183
0.0174875
0.189281
0.152597
0.15872
0.022182
0.0256829
0.0779445
0.156033
0.143136
0.0201707
0.197571
0.101901
0.0652791
0.0704586
0.0423471
0.195204
0.0873763
0.189677
0.0381969
0.123565
0.138361
0.143559
0.0704465
0.084824
0.0548825
0.0685279
0.115714
0.0565879
0.0120183
0.0689797
0.0967723
0.0546563
0.0854186
0.00269784
0.115174
0.140368
0.141404
0.162367
0.169239
0.0718643
0.187497
0.0115174
0.00074265
0.109699
0.163066
0.16007
0.0816853
0.197642
0.0547688
0.0722652
0.0511745
0.0960934
0.157202
0.104332
0.147386
0.00229983
0.147085
0.0663306
0.0160065
0.123488
0.0998624
0.0323032
0.170199
0.1354
0.128743
0.0198922
0.176648
0.199317
0.0406653
0.0913279
0.0197975
0.142651
0.0633495
0.0109979
0.025537
0.115813
0.0378466
0.134189
0.175844
0.0864994
0.14667
0.142683
0.165584
0.0220247
0.17672
0.0283591
0.0292587
0.0311207
0.046886
0.0497497
0.0621783
0.0441457
0.192632
0.163978
0.164548
0.0208762
0.00280646
0.0640617
0.106976
0.158
0.176863
0.0233965
0.11873
0.13818
0.0666773
0.0299966
0.049971
0.141449
0.0844905
0.175818
0.123633
0.164392
0.0680421
0.150452
0.175994
0.0317095
0.00908918
0.0138574
0.0811522
0.171416
0.00952356
0.172933
0.163112
0.0214708
0.0318214
0.0639786
0.196098
0.105981
0.193719
0.0376483
0.193341
0.14117
0.135541
0.0141056
0.130127
0.0792234
0.0604672
0.132086
0.107658
0.0981534
0.0996904
0.151736
0.0513035
0.114723
0.00363842
0.144211
0.0858208
0.186986
0.134845
0.0754873
0.0764106
0.111676
0.119473
0.0545235
0.130676
0.0923289
0.0741612
0.14582
0.0119518
0.0642719
0.147408
0.18708
0.177731
0.0559365
0.139763
0.102141
0.042357
0.144885
0.1103
0.000695346
0.0682329
0.0773733
0.184761
0.0269775
0.118673
0.0393017
0.144833
0.155048
0.144421
0.0872897
0.00697192
0.149608
0.00689233
0.162466
0.0463902
0.176192
0.188976
0.0346381
0.0541926
0.0415733
0.179169
0.143517
0.0665702
0.188669
0.116269
0.0434959
0.179218
0.134318
0.0488506
0.103507
0.145929
0.121893
0.0223328
0.151948
0.0878405
0.151093
0.0599401
0.144815
0.160281
0.0946532
0.0779906
0.121566
0.0441323
0.0717994
0.159777
0.175164
0.11172
0.0186826
0.0457949
0.146407
0.0907566
0.0337822
0.15491
0.197363
0.0890639
0.0933426
0.15617
0.000400034
0.0215883
0.0265892
0.0450418
0.135398
0.178426
0.192054
0.0850275
0.0206913
0.185928
0.195057
0.199311
0.0683469
0.14567
0.0950967
0.0557607
0.137199
0.136131
0.00446894
0.0281546
0.0998692
0.0730373
0.14453
0.180208
0.0445961
0.166713
0.0358609
0.174514
0.0959554
0.184451
0.0404225
0.0702406
0.109306
0.00374545
0.0496556
0.185723
0.188999
0.180622
0.00721989
0.126505
0.031216
0.0491239
0.0582637
0.12122
0.0678981
0.106718
0.0379898
0.0583607
0.178135
0.0159178
0.038006
0.123056
0.178293
0.0378447
0.0362129
0.0197653
0.16532
0.13138
0.0567969
0.165042
0.0913031
0.0607268
0.118039
0.174554
0.0927877
0.0292176
0.150821
0.0843864
0.133796
0.175613
0.0519258
0.0431382
0.191983
0.0641656
0.00342328
0.162163
0.181792
0.193136
0.0421736
0.024597
0.117223
0.0621757
0.107138
0.0748146
0.139887
0.0585337
0.0982825
0.0228232
0.0350697
0.00341137
0.0164588
0.109367
0.169551
0.00882756
0.088109
0.0676417
0.144814
0.186389
0.0800395
0.145514
0.135876
0.00431308
0.0266652
0.154609
0.126256
0.126485
0.0997903
0.0906358
0.169368
0.162366
0.0871437
0.162775
0.00358847
0.174406
0.0557589
0.0592222
0.181186
0.13212
0.00789561
0.0118136
0.018976
0.167229
0.0178179
0.179559
0.184745
0.118377
0.144135
0.0755903
0.0951946
0.191076
0.0521806
0.150024
0.0321604
0.124825
0.149658
0.0180089
0.165138
0.0254914
0.153924
0.143709
0.124254
0.10222
0.10718
0.117003
0.132492
0.107206
0.108466
0.03143
0.178372
0.105296
0.0991411
0.0199356
0.184945
0.19917
0.106671
0.182839
0.123798
0.103451
0.0713321
0.124033
0.107056
0.0167213
0.113584
0.117659
0.0299373
0.0619279
0.137432
0.061919
0.119979
0.0790624
0.106807
0.166811
0.128862
0.151087
0.151399
0.0354419
0.163079
0.0452665
0.101156
0.123104
0.0846429
0.182032
0.152677
0.16687
0.0189974
0.0329622
0.128991
0.114902
0.0425962
0.012342
0.188923
0.131606
0.0591661
0.176169
0.118981
0.0335716
0.15959
0.0987395
0.105814
0.159102
0.137056
0.140901
0.143674
0.0372625
0.00961705
0.141811
0.0397747
0.09556
0.140295
0.0738927
0.0206583
0.0497302
0.114308
0.181744
0.106564
0.0609462
0.0161501
0.0207676
0.021982
0.0531268
0.145754
0.199062
0.0476706
0.0153086
0.00385353
0.178004
0.0445767
0.130449
0.0663081
0.184246
0.18247
0.125182
0.113531
0.0635274
0.0819547
0.0191126
0.145293
0.180752
0.0324791
0.0423439
0.194036
0.157219
0.188065
0.00536235
0.107128
0.0917469
0.0599198
0.100527
0.185735
0.0765022
0.151842
0.103574
0.177381
0.0439045
0.181023
0.114378
0.141068
0.0604226
0.0256695
0.138181
0.144799
0.142334
0.102714
0.0717965
0.0777992
0.19798
0.181549
0.0461848
0.0174875
0.0346803
0.0332396
0.0836031
0.00576177
0.0722541
0.126618
0.134991
0.0538912
0.0491944
0.104259
0.0753413
0.0450823
0.189116
0.0915217
0.0452561
0.104363
0.161143
0.00574696
0.0570487
0.100317
0.0166826
0.0732754
0.00750321
0.044302
0.0397364
0.0879118
0.160308
0.118164
0.160722
0.162976
0.0239021
0.0300803
0.0125671
0.0346298
0.188697
0.192314
0.0452389
0.0761841
0.0999444
0.040321
0.139821
0.0365764
0.114268
0.0350325
0.114519
0.118955
0.014365
0.124092
0.170924
0.1849
0.0290204
0.118549
0.103395
0.171791
0.126565
0.130581
0.179822
0.0577264
0.135873
0.118878
0.0259282
0.0456502
0.194351
0.114827
0.188054
0.166687
0.125178
0.125288
0.0729184
0.00663089
0.172507
0.0454882
0.164137
0.150586
0.129629
0.0599624
0.0357547
0.0417981
0.13837
0.0281211
0.152382
0.110253
0.177334
0.183425
0.152251
0.119115
0.157199
0.0982459
0.00389748
0.0175337
0.0540269
0.0858518
0.144173
0.140148
0.0923961
0.139241
0.0637142
0.13631
0.06973
0.0157712
0.1941
0.191938
0.131227
0.117046
0.194954
0.102084
0.199124
0.0319018
0.00818704
0.0917794
0.00479729
0.187617
0.0289365
0.125835
0.0167656
0.102432
0.0785386
0.124291
0.167356
0.0950557
0.0276461
0.193786
0.0637608
0.0301972
0.111319
0.174005
0.172981
0.188365
0.164018
0.0168298
0.143977
0.150906
0.085298
0.117343
0.0807145
0.182175
0.186254
0.103281
0.10857
0.166988
0.0918232
0.196667
0.0369364
0.190623
0.0489789
0.08296
0.0471345
0.0545308
0.199085
0.086294
0.1789
0.0161972
0.183017
0.134233
0.122891
0.180055
0.177427
0.169211
0.0887503
0.188894
0.00108349
0.0758887
0.0824988
0.153312
0.0381329
0.18562
0.176542
0.125553
0.134272
0.173365
0.0530046
0.0246123
0.195529
0.169994
0.177807
0.140529
0.177979
0.187009
0.101225
0.0494295
0.0632594
0.17437
0.0153626
0.085225
0.0680282
0.122788
0.0373326
0.136455
0.119617
0.0110821
0.170091
0.0909387
0.0753524
0.167335
0.031454
0.193597
0.0633539
0.0395471
0.193646
0.0739905
0.186274
0.00324416
0.157197
0.0780811
0.195848
0.145647
0.0650929
0.183349
0.0848245
0.0959212
0.0510757
0.121689
0.0613167
0.135864
0.0201992
0.188954
0.171752
0.135457
0.156765
0.0813565
0.0140168
0.149026
0.076658
0.0981476
0.165409
0.189176
0.00847546
0.0704751
0.177715
0.159288
0.0846082
0.196675
0.148319
0.088314
0.075313
0.027406
0.079113
0.0714715
0.0259923
0.112135
0.0688327
0.0578892
0.0448067
0.140319
0.176935
0.183286
0.0959748
0.0883397
0.0360731
0.0548105
0.185639
0.0804842
0.0887796
0.048767
0.165931
0.158405
0.104996
0.0509385
0.186081
0.0691032
0.119492
0.0407807
0.100475
0.0596788
0.116074
0.156028
0.102681
0.123524
0.0436644
0.180694
0.0513725
0.179173
0.0817075
0.0240535
0.125859
0.128363
0.0770959
0.107736
0.0439606
0.0727955
0.139718
0.00687571
0.0225971
0.131336
0.189288
0.196496
0.052304
0.128458
0.00190146
0.0217697
0.087241
0.0245745
0.0903216
0.110736
0.158477
0.195491
0.181055
0.176242
0.15076
0.0494749
0.180881
0.0280326
0.0795997
0.155176
0.137505
0.0997064
0.101968
0.102578
0.063555
0.0737574
0.0455079
0.146988
0.128977
0.0505501
0.159564
0.144084
0.197825
0.0761569
0.010109
0.0625808
0.0374389
0.119139
0.111116
0.159415
0.0687359
0.0748599
0.120385
0.129974
0.0592371
0.125582
0.00200568
0.102841
0.0122836
0.0614462
0.0586928
0.185238
0.08486
0.161641
0.169332
0.180625
0.138239
0.177894
0.145304
0.064006
0.0844357
0.124799
0.100992
0.00387142
0.0426174
0.00356865
0.180549
0.190093
0.159001
0.123174
0.113264
0.155153
